wav_filename,wav_filesize,transcript
common_voice_tr_21324886.wav,167468,neden on yıldan uzun bir süre bunun olmasına izin verildi
common_voice_tr_21324884.wav,121388,peki bu siyasi irade mevcut mu
common_voice_tr_21324881.wav,122924,bu şüphelere ne yanıt veriyorsunuz
common_voice_tr_21324887.wav,149804,sergi üç hafta süreyle açık kalacak
common_voice_tr_21325140.wav,119852,bazı analistler iyimser görüşte
common_voice_tr_21325136.wav,134444,yetkili bütün görevlerinden azledildi
common_voice_tr_21324888.wav,125996,birbiri ardına istifa ettiler
common_voice_tr_21324893.wav,160556,kosova'da çocuklara yönelik televizyon programları nasıl geliştirilebilir
common_voice_tr_21325153.wav,114476,ancak istisnalar da yok değil
common_voice_tr_21325143.wav,153644,bunların otuz iki milyonu slovenya üzerinden geldi
common_voice_tr_21325151.wav,185900,buna karşın arnavutluk'ta asgari ücret yüz kırk iki avro
common_voice_tr_21325174.wav,109100,program nisan ayında başlayacak
common_voice_tr_21325176.wav,116012,kosova şubat ayında bağımsızlık ilan etti
common_voice_tr_21325164.wav,100652,miloja da buna katılıyor
common_voice_tr_21325203.wav,115244,mesele türkiye'de oldukça hassas bir sorun
common_voice_tr_21325205.wav,125996,hastalık dört yüz otuz bin hastada ileri seviyede
common_voice_tr_17373087.wav,145964,bu yönde bazı önemli adımlar atıldı
common_voice_tr_17373100.wav,117548,blöf yapmıyoruz
common_voice_tr_17373103.wav,122924,festival iki yıl içinde tekrarlanacak
common_voice_tr_17384226.wav,144428,para hükümetin yedek fonlarından sağlanacak
common_voice_tr_17373105.wav,75308,bunlar ilk adımlar
common_voice_tr_17373101.wav,148268,fakat bu durum kısa bir süre sonra değişecek
common_voice_tr_17384240.wav,126764,ancak celiç bu iddiaları reddetti
common_voice_tr_17384264.wav,119084,kosova'da çok az bir otoritesi kaldı
common_voice_tr_17384241.wav,107564,sadece kaybedenler var
common_voice_tr_17384309.wav,126764,son on yıldır süren savaşı kazandı
common_voice_tr_17384312.wav,96044,ayrıntılara girmek istemiyorum
common_voice_tr_17384313.wav,140588,bu ikili halen kacak durumda
common_voice_tr_17384310.wav,122924,pambuccian girişimini savundu
common_voice_tr_17400092.wav,98348,polis varlığı barizdi
common_voice_tr_17400104.wav,113708,şimdilik anlaşmaya varmak için çalışacağız
common_voice_tr_17400107.wav,119084,podujevo tek örnek değil
common_voice_tr_17400105.wav,113708,ancak habere belgrad'daki herkes sevinmedi
common_voice_tr_17400106.wav,121388,şampiyona önümüzdeki yıl zagreb'de yapılacak
common_voice_tr_17421396.wav,149804,etkinlikte toplam altmış dört okul yarıştı
common_voice_tr_17637478.wav,122924,onların arzularını dikkate almak gerekir
common_voice_tr_17421401.wav,129068,port elizabeth'e gittik
common_voice_tr_17637480.wav,144428,eleftheriou yetmiş beş üzerinden yetmiş üç puan topladı
common_voice_tr_17637477.wav,117548,ülkenin şu anki nüfusu yetmiş iki milyon
common_voice_tr_17637512.wav,134444,anlaşmanın değeri bir virgül altı milyar dolar
common_voice_tr_17637504.wav,138284,sc cumhurbaşkanlığı daha çok sembolik bir mevki
common_voice_tr_17637503.wav,134444,ford projeye bir virgül iki milyar avro yatırım yapacak
common_voice_tr_17637506.wav,148268,sizin de ilerde birgün teknik direktör olma planlarınız var mı
common_voice_tr_17637513.wav,130604,santralin inşası iki bin on iki yılı sonunda tamamlanacak
common_voice_tr_17637515.wav,103724,bizde ise halen böyle bir merkez yok
common_voice_tr_17637518.wav,92204,bu tavırlar spora da yansıyor
common_voice_tr_17637538.wav,148268,yeni sistem iki bin yedi başlarında faaliyete geçecek
common_voice_tr_17637537.wav,119084,pliva'nın çok büyük zarara uğraması bekleniyor
common_voice_tr_17637523.wav,106028,ülke bu sektörde köklü bir geleneğe sahip
common_voice_tr_17637541.wav,142124,ancak zanlı savaş suçu işlediğini reddetti
common_voice_tr_17637549.wav,99884,bunlar iyi işlemesi gereken ufak çarklar
common_voice_tr_17637550.wav,69164,kosova başka bir şey
common_voice_tr_17637563.wav,122924,kriterleri yerine getirmek için neler yaptınız
common_voice_tr_17637565.wav,134444,nikoliç cumhurbaşkanının istifasına şaşırmamış
common_voice_tr_17637566.wav,121388,bugün pobjeda'nın üretimi oldukça zayıf
common_voice_tr_17637697.wav,115244,duruşmalar bir aralık'ta başlayacak
common_voice_tr_17637548.wav,84524,bu durumu neye bağlıyorsunuz
common_voice_tr_17637700.wav,99884,tiran'da kaldırımda uyuyan evsiz çocuklar
common_voice_tr_17637698.wav,103724,bu arada hükümet de önleyici tedbirler alıyor
common_voice_tr_17637699.wav,106028,ancak bazı sektörler bundan zarar görebilir
common_voice_tr_17637707.wav,109868,filmin tiran'daki galası bu ay gerçekleşecek
common_voice_tr_17637708.wav,205868,balkanlar'da düşük yoğunluklu fakat dolaylı olarak çok büyük sonuçlar doğuran çatışmalar mı yaşandı
common_voice_tr_18169088.wav,117548,olayın failleri hala yakalanamadı
common_voice_tr_18169092.wav,142892,patlamanın on km uzaktan işitildiği bildirildi
common_voice_tr_18169095.wav,119084,belki bu kez onların zamanı gelmiştir
common_voice_tr_18169089.wav,89900,lükse yer kalmıyor
common_voice_tr_18169098.wav,109868,projenin sonuçları nisan ayında yayınlandı
common_voice_tr_18169118.wav,101420,çok sayıda işçi işten çıkarıldı
common_voice_tr_18169121.wav,99116,batı balkanlar nereye doğru gidiyor
common_voice_tr_18169115.wav,107564,english görevi bu ay devralacak
common_voice_tr_18169123.wav,96812,rakamlar kaynağa göre değişiyor
common_voice_tr_18169114.wav,97580,fakat sonuçlar tatsızdı
common_voice_tr_18169131.wav,106028,bu süreçle ilgili fikriniz nedir
common_voice_tr_18169124.wav,88364,kendime yalan söylemem
common_voice_tr_18169096.wav,115244,fiyatın altmış altı milyon avro olduğu bildirildi
common_voice_tr_18169132.wav,107564,olayla ilgili iki şüpheli tutuklandı
common_voice_tr_18169135.wav,114476,güzel bir elyazısıyla bir kitap yazdım
common_voice_tr_18169137.wav,123692,herkes gana'nın kupayı kazanmasını hayal ediyor
common_voice_tr_18169141.wav,89900,kredi yirmi yıl vadeli olacak
common_voice_tr_18169136.wav,117548,yunanistan'da hayat artık çok zorlaşmıştı
common_voice_tr_18169143.wav,130604,güzel alternatif hedefler aramadığını belirtti
common_voice_tr_20170757.wav,118316,ap milletvekilleri beş yılda bir seçiliyor
common_voice_tr_20170733.wav,139052,şimdi ankara yeniden denemeye hazır
common_voice_tr_18169144.wav,96812,üstelik çok stresli
common_voice_tr_20170731.wav,122156,karadağ'da emlak büyük bir pazar
common_voice_tr_20170756.wav,116012,herşeyi peşin nakit ödedim
common_voice_tr_20170763.wav,149804,fonların iki bin altıdan önce ödenmesi gerekiyor
common_voice_tr_20170734.wav,140588,hükümet ayrıca bir dizi skandal da atlattı
common_voice_tr_20170767.wav,126764,geri kalan iki oyu bulmak zorundalar
common_voice_tr_20172400.wav,152108,bina cepheleri rötuşlanıp ağaçlar dikiliyor
common_voice_tr_20172399.wav,125228,ancak bu hedefi tutturmak biraz zor oldu
common_voice_tr_20172394.wav,166700,kanada dışişleri bakanı zagreb'i ziyaret etti
common_voice_tr_20172414.wav,148268,sırbistan'ın şu anki nüfusu yedi virgül üç milyon
common_voice_tr_20172415.wav,92972,etkinlik yirmi aralık'ta sona eriyor
common_voice_tr_20172434.wav,66092,çok kötüydü
common_voice_tr_20172436.wav,95276,ayrıca elli istihkamcı da yaralandı
common_voice_tr_20172416.wav,117548,fakat söz konusu anlaşma imzalanmayacak
common_voice_tr_20172437.wav,103724,fakat bu durum önümüzdeki aylarda değişebilir
common_voice_tr_20172435.wav,101420,proje yirmi milyar dolara mal olacak
common_voice_tr_20172445.wav,141356,ülkedeki hiç kimse oylamanın sonucuna şaşırmadı
common_voice_tr_20172447.wav,94508,sonrasında stoacı bir hava esti
common_voice_tr_20172438.wav,125228,projeye elli sekiz milyon avro değer biçiliyor
common_voice_tr_20172476.wav,108332,plan ile ilgili sorunlardan biri de zamanlama
common_voice_tr_20172489.wav,122924,romanya'nın arzında da bir düşüş meydana geldi
common_voice_tr_20172459.wav,89132,bu kış ziyaretine gittim
common_voice_tr_20172492.wav,79916,her iki oyuncu da takımdan atıldı
common_voice_tr_20172477.wav,80684,pack ise açık konuştu
common_voice_tr_20341149.wav,157484,değişiklikler fark edilmeden kalmadı
common_voice_tr_20341154.wav,163628,ne ki üyelik imkansız bir hayal değil
common_voice_tr_20172463.wav,118316,boskovski bağımsız aday olarak yarışıyor
common_voice_tr_20341151.wav,148268,birkaç günde öğrenmek için çok fazla şey vardı
common_voice_tr_20342107.wav,148268,bir diğer engel de kaynak yetersizliği
common_voice_tr_20341150.wav,180524,stamatis kraounakis
common_voice_tr_20342060.wav,207404,ondan sonraysa yüzde altı virgül yetmiş beşe yükseliyor
common_voice_tr_20342100.wav,176684,jezero'nun yeniden inşası iki bin üç yılında başladı
common_voice_tr_20342099.wav,129068,her iki tarafı da kastediyorum
common_voice_tr_20342120.wav,129068,halka her şeyi açıklayacağız
common_voice_tr_20342138.wav,115244,karar yerel turizmi hızlandırdı
common_voice_tr_20342130.wav,167468,vadi'deki evler taş ahşap ya da kerpiç
common_voice_tr_20342117.wav,142124,biliç takımının başında kalmayı planlıyor
common_voice_tr_20342139.wav,102188,birer birer pişirin
common_voice_tr_20342131.wav,121388,yalnızca büyükler ayakta kalacak
common_voice_tr_20342148.wav,125228,ankara ziyaretin devamını bekliyor
common_voice_tr_20342153.wav,153644,romanya takım halinde de gümüş madalya kazandı
common_voice_tr_20342164.wav,159788,maliyet yüz elli dört milyon avroyu bulabilir
common_voice_tr_20342181.wav,149804,lajiç'in eşi de iş ihtiyacını vurguluyor
common_voice_tr_20342195.wav,134444,bu bakımdan kosova ile kıyaslanamaz
common_voice_tr_20342210.wav,144428,etrafımda bir sürü yerli insan var
common_voice_tr_20342166.wav,121388,oyunla ilgili son gelişmeler nedir
common_voice_tr_20342194.wav,155948,bu arada sırplar vatanlarını gururlandırıyorlar
common_voice_tr_20342174.wav,226604,'romanya'da böyle bir şey nasıl olur' diye aylarca öfke içinde düşündüğümü hatırlıyorum
common_voice_tr_20342196.wav,122924,ancak proje bir engele takıldı
common_voice_tr_18596349.wav,140588,resmi adaylık dönemi hafta sonu sona eriyor
common_voice_tr_20342212.wav,144428,çocuklar hangi kategoriyi tercih ediyorlar
common_voice_tr_18596370.wav,107564,fakat bu sadece başlangıç
common_voice_tr_18596376.wav,129068,artymata dördüncü oldu
common_voice_tr_18596364.wav,122924,şehir merkezinde fırıncılık yapıyor
common_voice_tr_18596380.wav,148268,bir davada beş ay hapis cezası verilmiş
common_voice_tr_18596363.wav,111404,kendim için protesto ediyorum
common_voice_tr_18596400.wav,132908,drescher'in kendisi de rahim kanserini yenmişti
common_voice_tr_18596396.wav,132908,sc parlamentosunda da durum böyle
common_voice_tr_18596404.wav,107564,çalışma on iki nisan'da yayınlanacak
common_voice_tr_18596403.wav,111404,ancak bu seçeneği uygulamak o kadar kolay değil
common_voice_tr_18596405.wav,129068,analistlere göre atılabilecek bazı adımlar var
common_voice_tr_18596406.wav,84524,burada dikkati çeken ilk şey mimari
common_voice_tr_18596408.wav,109868,bir önceki yönetimde durum böyle değildi
common_voice_tr_18596425.wav,132908,bir kere çözdünüz mü bir daha donduramazsınız
common_voice_tr_18596410.wav,153644,sergide yirmi yedi sanatçının toplam yetmiş üç eseri yer alıyor
common_voice_tr_18596417.wav,129068,okul teknoloji ve ekonomi odaklı olacak
common_voice_tr_18596419.wav,140588,belopeta bazı sorunlar olduğunu kabul ediyor
common_voice_tr_17525376.wav,126764,sırbistan karadağ bu sefer altın madalyaya uzanabilecek mi
common_voice_tr_18596418.wav,119084,bence bu hiç de azımsanacak bir şey değil
common_voice_tr_17525375.wav,96044,kaybettik ve eve erken dönmek zorundayız
common_voice_tr_17525378.wav,102188,grup üyeleri kişisel nedenleri öne sürdüler
common_voice_tr_18596431.wav,103724,bunun ilk adı dayanışma vergisiydi
common_voice_tr_17525388.wav,98348,meclis kesintileri ekim ayında değerlendirecek
common_voice_tr_17525379.wav,96044,fabrika iki merkezde faaliyet gösteriyor
common_voice_tr_17525427.wav,106028,seçimler on dört nisan çarşamba günü yapılacak
common_voice_tr_17525424.wav,82988,programda yüz on film yer alıyor
common_voice_tr_17525425.wav,88364,bunun süreci hızlandırması bekleniyor
common_voice_tr_17525433.wav,96044,türkiye başkanlığı haziran ayında devraldı
common_voice_tr_17525407.wav,90668,kafede mripa'nın telefonu çalıyor
common_voice_tr_17525434.wav,148268,halkın güveni yüzde dört oranında azalarak yüzde otuz altıya düştü
common_voice_tr_17525448.wav,107564,buzların çözüldüğüne dair henüz bir işaret yok
common_voice_tr_17525431.wav,82988,peki kostunica daha ne kadar dayanabilir
common_voice_tr_17525446.wav,102188,vlasiç'in şampiyonluk derecesi iki yüz beş metre
common_voice_tr_17525449.wav,103724,azınlık temsilcileri değişiklik talep ediyor
common_voice_tr_17525444.wav,102188,parti son seçimlerde parlamentoya girememişti
common_voice_tr_17525462.wav,73004,ve de gerçekten küçük
common_voice_tr_17525430.wav,80684,sorun tek bir sporla sınırlı değil
common_voice_tr_17525460.wav,144428,turkiye parlamenter sisteme bin dokuz yüz yirmi yılında geçti
common_voice_tr_17525482.wav,121388,ülkelerin ortalama başarı oranlarıysa yüzde otuz beş
common_voice_tr_17525463.wav,98348,yedi gazete on altı adet reklam yayınlayacak
common_voice_tr_17525461.wav,192044,yetkililer yenilenebilir enerjinin faydalarını inceliyorlar fakat bürokrasi engel çıkarır mı
common_voice_tr_17525480.wav,96044,kosova ile ilişkiler tamamen farklı bir konu
common_voice_tr_17525508.wav,144428,şimdi ihalenin iptali mali istikrarı da bozdu
common_voice_tr_17525505.wav,96044,ancak diğer taklitler ülkede üretiliyor
common_voice_tr_17525484.wav,99884,sırplar pekin'de neden daha iyisini yapamadılar
common_voice_tr_18235089.wav,130604,koridor sekiz ve koridor on
common_voice_tr_18235056.wav,125228,fakat artık bu durum değişti
common_voice_tr_18235054.wav,148268,ödül beş bin avro olarak açıklandı
common_voice_tr_18235090.wav,98348,failler kimlerdi
common_voice_tr_18235067.wav,115244,aslında böyle bir şey yok
common_voice_tr_18235092.wav,121388,reform süreci bir kenara bırakıldı
common_voice_tr_18238883.wav,152108,bunu derhal bir dizi tutuklama izledi
common_voice_tr_18239086.wav,132908,genel süreci nasıl değerlendiriyorsunuz
common_voice_tr_18238889.wav,159788,yetkili üyeliğin mümkün olduğunu belirtti
common_voice_tr_18239093.wav,172844,dicarlo bunun bölgesel etkilerini de vurguladı
common_voice_tr_18239092.wav,132908,fakat iş arayanların hepsi ikna olmuş değil
common_voice_tr_18239088.wav,153644,kampanyası sekiz ana tema üzerinde yoğunlaştı
common_voice_tr_18842007.wav,98348,bh yüz birinci oldu
common_voice_tr_18290729.wav,138284,böyle bir şeyi dünyanın başka neresinde görebilirsiniz
common_voice_tr_18235076.wav,159788,şimdilik tek somut kararı dört küçük örgüt aldı
common_voice_tr_18842012.wav,138284,vlasiç sporcu bir ailenin en büyük çocuğu
common_voice_tr_18842023.wav,106028,etkinlik yirmi iki ekim'de sona erecek
common_voice_tr_18842008.wav,142124,anayasaya göre arnavutluk'un resmi bir dini yok
common_voice_tr_18842006.wav,130604,üçlü bir ekim seçimlerinden galip çıkmıştı
common_voice_tr_18842021.wav,107564,arnavutluk'ta çeşitli gelişmeler yaşanıyor
common_voice_tr_18842027.wav,130604,bojaxhi'ye göre çeşitli yöntemler izlenmeli
common_voice_tr_18842025.wav,99884,diğer iki çocuğu ise sırbistan'da
common_voice_tr_21770800.wav,139052,yasaya karşı oy verilmedi
common_voice_tr_18842030.wav,94508,ardından her şey ters gitti
common_voice_tr_18842020.wav,109868,bu konudaki yorumlarınız neler olacaktır
common_voice_tr_18842033.wav,136748,teklif verme süresi altı kasım'da sona ediyor
common_voice_tr_21770827.wav,139820,ancak faillerin kimlikleri belirlenemedi
common_voice_tr_18842032.wav,130604,enflasyon yüzde on dört virgül bire indi
common_voice_tr_21770831.wav,131372,su parkı da iki bin altı yılında açıldı
common_voice_tr_21770828.wav,182060,bu da enstitüye iki yüz elli bir milyon avroya mal oldu
common_voice_tr_21770829.wav,108332,yaralanmalara sık rastlanıyor
common_voice_tr_21770830.wav,133676,yunan yetkililer anlaşmayı benimsediler
common_voice_tr_21770891.wav,151340,nokia fabrikanın inşaatına bu baharda başlayacak
common_voice_tr_21770956.wav,146732,ancak bu insanlar inançları yüzünden öldürüldü
common_voice_tr_21770888.wav,143660,bu miktar daha sonra iki yüz milyon avroya düştü
common_voice_tr_21770954.wav,165164,anlaşmanın otuz bir ekim'de kesinleşmesi bekleniyor
common_voice_tr_21445645.wav,103724,savaş olamaz
common_voice_tr_21450110.wav,149804,avrupa genelinde elle tutulur bir endişe hakim
common_voice_tr_21445643.wav,180524,akrabalar şafakla birlikte sökün etmeye başladı
common_voice_tr_21445642.wav,138284,toplantılar iki haftada bir yapılacak
common_voice_tr_21451741.wav,153644,bu kampanya da benzer sorunlarla karşılaştı
common_voice_tr_21450186.wav,198188,yoksa tek gerçekçi ihtimal huzursuz bir şekilde birarada yaşamak mı
common_voice_tr_21445641.wav,180524,munter'in görev süresi gelecek yaz sona erecekti
common_voice_tr_21451769.wav,136748,programdan on beş belediye yararlanacak
common_voice_tr_21451789.wav,136748,bu olaylar sık sık dış basında baş haber oluyor
common_voice_tr_21450187.wav,153644,batiç ise herhangi bir dosya gördugunu reddetti
common_voice_tr_21451767.wav,119084,mahkeme kararlarını bozamayız
common_voice_tr_21451791.wav,119084,şimdilerde oylar yeniden sayılıyor
common_voice_tr_21819787.wav,122156,restoranlar insanlarla doluydu
common_voice_tr_21819785.wav,151340,fakat romanya'daki okullar bu değişikliği kaldırabilecek mi
common_voice_tr_21451738.wav,161324,büronun altı milyon avro zarara uğradığı sanılıyor
common_voice_tr_21819795.wav,109100,risk alacak cesareti göstermeliyiz
common_voice_tr_21819786.wav,125996,gruevski pek çok vaatte bulunuyor
common_voice_tr_21819816.wav,151340,uzun tatiller bulgar işletmelerine pahalıya mı mal oluyor
common_voice_tr_21819885.wav,145964,turnuvayı en az seksen ülke canlı olarak yayınlıyor
common_voice_tr_21819892.wav,112172,o yüzden sakın umudunuzu kaybetmeyin
common_voice_tr_21819817.wav,107564,bugüne kadar bir albüm kaydetti
common_voice_tr_21819908.wav,96044,sonuçsa birincilik oldu
common_voice_tr_21819912.wav,105260,bombanın büyüklüğü belirlenemedi
common_voice_tr_21819899.wav,107564,blogcular da tam bundan bahsetmek istiyor
common_voice_tr_21819911.wav,125228,babasının yokluğunda yusuf konuşmayı bırakıyor
common_voice_tr_21819918.wav,117548,burada ordu veya polis olmayacak
common_voice_tr_21828789.wav,133676,hükümet geçiş için fon ayırdı bile
common_voice_tr_21819900.wav,152108,genelde yolcular gelişmelerden heyecan duruyor
common_voice_tr_21819902.wav,107564,bizlere görevinizi açıklayabilir misiniz
common_voice_tr_21828786.wav,181292,bu olursa güvenlik durumu üzerinde nasıl bir etki yaratır
common_voice_tr_21828820.wav,106796,gazprom da bu projeye dahil mi
common_voice_tr_21828824.wav,147500,nikica üç yaşından beri tatil köyünde yaşıyordu
common_voice_tr_21828822.wav,77612,yemedik ve içmedik
common_voice_tr_20533286.wav,119084,siz buna inanıyor musunuz
common_voice_tr_21828823.wav,115244,sağır son olimpiyat şampiyonuydu
common_voice_tr_20533285.wav,163628,bu çocukları en öncelikli grup olarak görüyorum
common_voice_tr_21828825.wav,109868,birincisi birliği ikiye bölmek
common_voice_tr_20557209.wav,138284,fakat görev andının içilme şekli değişebilir
common_voice_tr_20557219.wav,157484,bu örgüt makedonya'yı istikrarsızlığa sürükleyebilir mi
common_voice_tr_20557202.wav,129068,bunun temel nedeni ise vergiler
common_voice_tr_20533284.wav,144428,yine de ordunun değişmekte olduğuna inanıyor
common_voice_tr_20557218.wav,130604,otosansüre yaygın şekilde rastlanıyor
common_voice_tr_20557338.wav,167468,kosova hükümeti de sert tepki verdi
common_voice_tr_20557208.wav,171308,koruganın prototipi bin dokuz yüz ellilerde geliştirildi
common_voice_tr_20557234.wav,153644,turnuvaya otuz beş ülkeden yaklaşık dört yüz atlet katıldı
common_voice_tr_20557330.wav,136748,hükümet eli kolu bağlı olduğunu ileri sürüyor
common_voice_tr_20557327.wav,161324,sizce bu bütçe mali açıdan ne kadar istikrarlı
common_voice_tr_20557336.wav,125228,belge iki bin altı yılını kapsıyor
common_voice_tr_20557329.wav,130604,yemekler bayramın dini önemini yansıtıyor
common_voice_tr_20557350.wav,140588,gazete pazarı büyük değişimler geçiriyor
common_voice_tr_20557326.wav,107564,bu haftalık bu kadar
common_voice_tr_20557365.wav,157484,mayıs iki bin beşte başkanlığı hırvatistan devralacak
common_voice_tr_20557346.wav,142124,uka'nın ilk kurbanı otobüsün dışında öldürüldü
common_voice_tr_20557364.wav,163628,her ikisi de bin dokuz yüz doksan altıdan beri saklanıyor
common_voice_tr_20557347.wav,178988,rodos'a gidiş dönüş biletiyse adam başı iki yüz elli avro
common_voice_tr_20557362.wav,129068,nikoliç'in açlık grevinin etkileri ne oldu
common_voice_tr_20557367.wav,171308,yetkili şubat iki bin ona kadar bu görevde kalacak
common_voice_tr_20557379.wav,126764,boksör şu anda kanada için dövüşüyor
common_voice_tr_20557380.wav,107564,kendimizi yenilmiş hissetmiyoruz
common_voice_tr_20557372.wav,144428,hırvatistan golf dünyasında geride kalmıştı
common_voice_tr_20557370.wav,178988,sizce bu durum bir sorun olarak adlandırılabilir mi
common_voice_tr_19584271.wav,215084,projeye ilişkin müzakereler bin dokuz yüz doksan sekizde başlamıştı
common_voice_tr_19584273.wav,142892,valotto görevde bir yıl hizmet verdi
common_voice_tr_19584244.wav,178220,bunun yaklaşık bin tonu imha edilecek
common_voice_tr_19584272.wav,153644,bu göz yumulamayacak kadar ciddi bir sonuç
common_voice_tr_19591238.wav,153644,ana kara zamanda seyahat izlenimi veriyor
common_voice_tr_19591254.wav,102188,bir dönüm noktası oldu
common_voice_tr_19591241.wav,188972,karadağ türkiye'nin bölgede giderek büyüyen rolünü nasıl değerlendiriyor
common_voice_tr_19591256.wav,143660,makedonya'nın adının değiştirilmesini destekler misiniz
common_voice_tr_19591258.wav,172076,güvenilirlik ve şeffaflık olmazsa olmazlardan
common_voice_tr_19591253.wav,139052,pek çok vatandaş bu hamle konusunda hevesli
common_voice_tr_19591245.wav,135212,mladiç iki bin yılından beri kanundan kaçıyor
common_voice_tr_19591251.wav,180524,bugünse sorgu sayısı belirgin derecede azaldı
common_voice_tr_19591270.wav,113708,fakat zaman ilerliyor
common_voice_tr_19591252.wav,117548,peki kaçı madalya alabilecek
common_voice_tr_19591283.wav,133676,gecikmenin kaynağı ise hala belirsiz
common_voice_tr_19591281.wav,125228,olayla ilgili soruşturma devam ediyor
common_voice_tr_19591271.wav,152876,üç bebek olay yerinde boğularak can verdi
common_voice_tr_19591282.wav,113708,kosor da bu duyguları yineledi
common_voice_tr_19591272.wav,142124,anlaşmanın ekonomik faydaları büyük olacak
common_voice_tr_21711590.wav,134444,proje tamamlandığında bu durum da değişecek
common_voice_tr_19591285.wav,185900,fona başvuru için son tarih otuz mart iki bin üç
common_voice_tr_21711572.wav,172844,sizce bölgede güvenlik koşulları açısından ilerleme kaydedildi mi
common_voice_tr_21711588.wav,146732,ancak süreçte daha fazla ilerleme kaydedilmedi
common_voice_tr_21711586.wav,129836,katılımcılar eğitim reformunu tartıştılar
common_voice_tr_21711622.wav,138284,makedonya ise dokuzuncu grupta üçüncü sırada yer alıyor
common_voice_tr_21711640.wav,89900,hukuk düzeninin doğası bu
common_voice_tr_21711623.wav,112172,sırp diva ceca hapse mi girecek
common_voice_tr_21711643.wav,111404,sizin bu konudaki görüşünüz nedir
common_voice_tr_21711621.wav,151340,projenin bedeli iki milyar avro olarak açıklandı
common_voice_tr_21711641.wav,134444,fakat bütün siyasiler bu kadar şanslı değildi
common_voice_tr_21711639.wav,92204,bahis oldukça yüksek
common_voice_tr_21711723.wav,124460,türkiye bir diktatörlük değil
common_voice_tr_21711727.wav,128300,satış çok safhalı olarak gerçekleşecek
common_voice_tr_21711739.wav,135980,priştine belgrad'ın savlarını kabul etmedi
common_voice_tr_21711791.wav,141356,ankette daha kişisel sorular da var
common_voice_tr_21711763.wav,113708,ancak zorluklar da yok değil
common_voice_tr_21711742.wav,166700,top artık uluslararası toplumun karar organında
common_voice_tr_21711767.wav,125996,bunun dışındaki her şey lüks
common_voice_tr_21711766.wav,134444,katılım oranı yaklaşık yüzde kırk yedi idi
common_voice_tr_21711877.wav,126764,mladiç şimdilik hala kaçak durumunda
common_voice_tr_21711792.wav,142892,belgrad bu son hayal kırıklığını hafife alıyor
common_voice_tr_21711790.wav,135980,si bu kararıyla iddiayı kaybetmiş göründü
common_voice_tr_21711875.wav,112940,drugclan aynı fikirde değil
common_voice_tr_21711878.wav,111404,proje üç ila dört yıl sürecek
common_voice_tr_17348991.wav,141356,türkiye libya'da çok büyük işler yapıyor
common_voice_tr_17348999.wav,138284,belgenin bir ay içinde imzalanması bekleniyor
common_voice_tr_17348996.wav,133676,aynı kural bakan yardımcıları için de geçerli
common_voice_tr_17349001.wav,100652,lise aşkını bulmayı başardı
common_voice_tr_17349014.wav,109100,yasalarla da başı belaya girdi
common_voice_tr_17349012.wav,104492,bunların mahkemeye sunulması gerekir
common_voice_tr_17349003.wav,131372,bende mücadele edeceğime bu yolu seçtim
common_voice_tr_17349007.wav,115244,yani durumda bir değişiklik olmayacak
common_voice_tr_17348998.wav,99884,cortiç buna katılıyor
common_voice_tr_17349017.wav,96812,ancak yasa tam olarak uygulanmıyor
common_voice_tr_17349044.wav,97580,ancak yunanlılar işini biliyordu
common_voice_tr_17349026.wav,106796,adını aldığı ülkeden de daha uzun yaşadı
common_voice_tr_17349031.wav,110636,benzer bir çağrı ankara'dan da geldi
common_voice_tr_17349030.wav,125228,bölge kosova ihtilafından da etkilenmişti
common_voice_tr_17349042.wav,115244,bu takviye ne kadar önemli
common_voice_tr_17349054.wav,82988,sayılar şaşırtıcı boyuttadır
common_voice_tr_17349047.wav,118316,iraklı kürt liderlerden de kınama geldi
common_voice_tr_19507033.wav,159020,romanya nokia aksesuar fabrikasına kavuştu
common_voice_tr_19507039.wav,172076,madenciler de talep düşüşü yaşıyorlar
common_voice_tr_19507045.wav,135980,kıbrıs da buna istisna olamaz
common_voice_tr_17349051.wav,79916,çok uzun bir zamandır
common_voice_tr_19507042.wav,118316,bu sorun balkanlar'a özgü de değil
common_voice_tr_19507035.wav,116012,kartlar on yıl süreyle geçerli olacak
common_voice_tr_19507060.wav,150572,aile kilisedeki noel ayinine de katılıyor
common_voice_tr_19507063.wav,199724,bu koşullar altında çalışanların özverili olmasını beklemek akıllıca bir şey mi
common_voice_tr_19507052.wav,85292,neden mi
common_voice_tr_19507065.wav,128300,performans kriterleri henüz belirlenmiş değil
common_voice_tr_19507061.wav,139820,altyapıda pek çok iyileştirme yapılması gerekir
common_voice_tr_19507048.wav,116012,uyuşturucu kaçakçılığı azalıyor
common_voice_tr_19507066.wav,177452,ancak yetkililer nuh deyip peygamber demiyorlar
common_voice_tr_19507073.wav,129068,halkın tepkisi genelde olumlu oldu
common_voice_tr_19507059.wav,135212,sizce bu görüşmeler bir sonuca bağlanacak mı
common_voice_tr_19507088.wav,163628,sırbistan'daki karadağlılar buna katılıyorlar
common_voice_tr_19507089.wav,161324,asıl geçişse aralık bin dokuz yüz doksan yedide gerçekleşti
common_voice_tr_19507113.wav,115244,ancak bu sorun da çözülüyor
common_voice_tr_19507102.wav,116012,zagreb bunu değiştirmek istiyor
common_voice_tr_19507082.wav,114476,blogculardan da bir çok yorum geldi
common_voice_tr_18189742.wav,157484,arabaların yüzde seksenden fazlası dizel motorlu
common_voice_tr_19507098.wav,102956,ancak herkes aynı fikirde değil
common_voice_tr_18189745.wav,125228,avro olmadan ülke parçalanır
common_voice_tr_18189743.wav,175148,makedonya ise arjantin ile birlikte yüz oldu
common_voice_tr_18621926.wav,134444,bu her ikimiz için de tuhaf bir deneyim oldu
common_voice_tr_18621907.wav,184364,bu kesime yapılan indirim yüzde doksan dokuzu bulabilecek
common_voice_tr_18621911.wav,153644,şirket tesisi iki bin on bir yılında açmayı planlıyor
common_voice_tr_18621935.wav,190508,yoksa sadece bir hayalpereset ve sahte bilimadamının uydurduğu bir yanılsama mı
common_voice_tr_18621949.wav,113708,kurbanların çoğu kadın ve yaşlılardı
common_voice_tr_18621973.wav,153644,birlikte yaşamak zor yaşlılar huzur istiyor
common_voice_tr_18621991.wav,109868,bir kırmızı kart bir de penaltı
common_voice_tr_18622037.wav,140588,ülkenin geleceğiyle ilgili tahmin ve düşünceleriniz nelerdir
common_voice_tr_18622036.wav,117548,şimdiyse bu rakam yirmi bin kadar arttı
common_voice_tr_18621970.wav,134444,on sekiz vekil ise elli dokuz ve üstü yaşlarda
common_voice_tr_18621990.wav,149804,harcamalar genellikle gelirlerin üzerinde oluyor
common_voice_tr_18623483.wav,126764,erteleme ekonominin düzelmesini sağlamayacaktır
common_voice_tr_18623371.wav,107564,ancak üçüncü turda salt çoğunluk yeterliydi
common_voice_tr_18622043.wav,121388,bunun dışındaki her şey spekülasyondur
common_voice_tr_18623481.wav,121388,refah dönemi hemen yarım başlamayacak
common_voice_tr_18623482.wav,117548,tehlike geçince çete viyana'ya geri taşındı
common_voice_tr_18623500.wav,121388,nokia cluj'da ticari bir şirket de kuracak
common_voice_tr_18623485.wav,88364,mantıklı uzlaşma nedir
common_voice_tr_18623516.wav,113708,fabrikada iki yüz elli kişi çalışacak
common_voice_tr_18623495.wav,142124,artık iktidardaki kimseye güvenmediğini söylüyor
common_voice_tr_18621967.wav,119084,sürecin bu sonbaharda başlaması bekleniyor
common_voice_tr_18623515.wav,102188,evlerini bile kaybedebiliyorlar
common_voice_tr_18623514.wav,142124,kısa dönemli kamu dış borç oranı düşmüştür
common_voice_tr_17559363.wav,113708,ödül hayatınızda ne gibi değişiklikler yarattı
common_voice_tr_17559366.wav,113708,ancak makedonya'nın yapması gereken işler var
common_voice_tr_17559367.wav,99884,şimdiyse daha çok sembolik bir yemek
common_voice_tr_17559370.wav,113708,kısıtlı kaynaklar tedavi kalitesini de etkiliyor
common_voice_tr_17559371.wav,59948,ama her zaman değil
common_voice_tr_17559369.wav,99884,ancak bazı uzmanlar sorular soruyor
common_voice_tr_17559372.wav,92204,hırvatistan'da işsizlik azalıyor
common_voice_tr_17559413.wav,126764,eski alan adı yirmi bir nisan'a kadar etkin kalacak
common_voice_tr_17559384.wav,88364,daha ayrıntılı bilgi verebilir misiniz
common_voice_tr_17559398.wav,117548,o yüzden de bazen keşke o olabilseydim diyorum
common_voice_tr_17559412.wav,96044,görüşmeler on sekiz eylül'de devam edecek
common_voice_tr_17559397.wav,80684,bu tavrım hepsini şaşırttı
common_voice_tr_17559411.wav,80684,ne gibi faaliyetlerde bulunuyor
common_voice_tr_17559410.wav,102188,sırbistan'ın organ donörlerine ihtiyacı var
common_voice_tr_17559362.wav,76844,bunu uluslararası yankılar izledi
common_voice_tr_17559409.wav,102188,bu yıl da tamamen tartışmasız geçmedi
common_voice_tr_17559437.wav,126764,makedonya üyelik başvurusunu yirmi iki mart'ta sundu
common_voice_tr_17559438.wav,142124,çatışmalar ülkeye otuz altı bin beş yüz cana mal olmuştu
common_voice_tr_17559436.wav,140588,bunlar devletin en yüksek mevkilerinde bulunmuyorlar mı
common_voice_tr_17559427.wav,109868,paylaşma ve yoksullara yardım etme zamanıdır
common_voice_tr_17559434.wav,67628,bu konuda bir ikilem yok
common_voice_tr_17559446.wav,121388,tesisin inşaatı dört buçuk yılda tamamlanancak
common_voice_tr_17559426.wav,106028,genel anlamda proje büyük başarı yakaladı
common_voice_tr_17559445.wav,111404,bir sinema ve televizyon ünlüsü bile oldu
common_voice_tr_20354423.wav,103724,rade de altı yaşındaki oğlunu yanında getirmiş
common_voice_tr_20354401.wav,119084,buna karşı yunanistan tam ters yönde ilerliyor
common_voice_tr_17559458.wav,98348,program özel amaçlar için kullanılmayacak
common_voice_tr_20354431.wav,65324,bu sözümü tutuyorum
common_voice_tr_17964113.wav,86828,maksim cikuli de sağlık bakanlığına getiriliyor
common_voice_tr_20354442.wav,142124,bunun bir çeşit etnik temizlik olarak görüyor musunuz
common_voice_tr_20354435.wav,130604,tatbikatta yaklaşık bin beş yüz asker görev aldı
common_voice_tr_20354422.wav,122924,en yüksek profilli dava sözde limaj davası
common_voice_tr_20354425.wav,99884,eşyalara soruşturmanın devamı için el kondu
common_voice_tr_20354444.wav,92204,kitabı da bunun için yazdım zaten
common_voice_tr_20354446.wav,79148,veliler öfkeliydi
common_voice_tr_20354456.wav,144428,buraya kadar tamam da bu acenteler kimlerden oluşuyor
common_voice_tr_20354448.wav,113708,brady tahvilleri de bu dönemden kalma bir miras
common_voice_tr_20354463.wav,148268,bu terimle kastedilen şey ve kosova'nın bu kavram içindeki yeri nedir
common_voice_tr_20354445.wav,96044,yine de iyimser olmak için neden yok değil
common_voice_tr_20354462.wav,111404,en yaygın bağlantı hızı iki yüz megabit saniye
common_voice_tr_20354475.wav,69164,hustinx de bu görüşte
common_voice_tr_20354485.wav,92204,fehmiu yetmiş dört yaşındaydı
common_voice_tr_20354491.wav,102188,yarışmaya bölgeden toplam doksan kişi katıldı
common_voice_tr_20354481.wav,119084,yetkililer oybirliğiyle planı reddettiler
common_voice_tr_20354472.wav,80684,festival beş ağustos'a kadar devam edecek
common_voice_tr_20354473.wav,82988,sonuçta o bölge de avrupa'nın bir parçası
common_voice_tr_20360232.wav,86828,hükümler sert tepkilere yol açtı
common_voice_tr_20360231.wav,129068,bu sanıklara da on beşer yıl hapis cezası verildi
common_voice_tr_20360234.wav,98348,sergi bu ayın sonuna kadar devam edecek
common_voice_tr_20388826.wav,117548,sizin bu konudaki görüşleriniz nedir
common_voice_tr_20388823.wav,92204,bazılar iyi bir neden için koştular
common_voice_tr_20388825.wav,106028,projeler turizm açısından da önem taşıyor
common_voice_tr_17346025.wav,150572,hırvat makamları değişiklik istiyorlar
common_voice_tr_20360233.wav,125228,terör fazla önem vermediğimiz bir sorun
common_voice_tr_20388827.wav,90668,cenazesi salı günü kaldırılacak
common_voice_tr_20388824.wav,107564,eski yasada pişman olmak yetmiyordu
common_voice_tr_17346026.wav,140588,festivalde canlı müzik de vardı
common_voice_tr_17346034.wav,137516,öncelikle karşılıklı güven sağlanmalı
common_voice_tr_17373098.wav,201260,türkiye kaddafi'ye karşı görüşlerini daha güçlü bir şekilde dile getirmekte neden tereddüt ediyor
common_voice_tr_17346040.wav,125996,moldavyalı kadın da karadağ'ı terk etti
common_voice_tr_17373094.wav,108332,ancak bu sadece son bölümdü
common_voice_tr_17373096.wav,144428,eğer öyleyse seçimleri kaç gözlemci izleyecek
common_voice_tr_17373289.wav,116780,onun sadece işini yaptığını biliyorlardı
common_voice_tr_17421488.wav,147500,dört gün süren festivale binlerce kişi katıldı
common_voice_tr_17421492.wav,136748,üçü gala olmak üzere yirmi oyun sahnelenecek
common_voice_tr_17421499.wav,121388,bu turda en çok oyu alan aday kazanıyor
common_voice_tr_17421505.wav,129836,kosor'u bir takım acil sorunlar bekliyor
common_voice_tr_17421495.wav,106796,petrol fiyatı arttı
common_voice_tr_17421531.wav,110636,kosova'da da benzer bir durum söz konusu
common_voice_tr_17421532.wav,89132,çok sevdiğimiz mutlu bir gün
common_voice_tr_17421504.wav,131372,ancak bu iş şu ana kadar hiç de kolay gorunmuyor
common_voice_tr_17421541.wav,93740,hepimizin emniyet kemerleri bağlı
common_voice_tr_17421523.wav,162860,siyasi kriz güvenlik durumu üzerinde herhangi bir etki yarattı mı
common_voice_tr_17421540.wav,103724,sergi on yedi şubat'a kadar devam edecek
common_voice_tr_17421506.wav,134444,yurtdışında da bin sekiz yüz altı seçmen bulunuyor
common_voice_tr_17421544.wav,127532,şansıma ve buradaki herkesin şansına bu olmadı
common_voice_tr_17421543.wav,111404,bazılarına ilgi diğerlerine göre daha büyük
common_voice_tr_17421547.wav,112172,kararın ekim ayı başlarında verilmesi bekleniyor
common_voice_tr_17421545.wav,102188,değişiklik her yerde göze çarpıyor
common_voice_tr_17421549.wav,115244,kosova'nın tanınma sürecinde yavaşlama mı yaşanıyor
common_voice_tr_17421548.wav,113708,o muhteşem kişilikli marietta
common_voice_tr_17421550.wav,110636,tadiç'in kararı demokratlara da yarayacak
common_voice_tr_19100817.wav,160556,splitli yüksek atlamacı yılın sporcusu seçildi
common_voice_tr_19100819.wav,142124,zirve iki yılda bir düzenleniyor
common_voice_tr_19874171.wav,175916,ancak madalyona diğer yüzünden bakanlar da var
common_voice_tr_19874182.wav,164396,liderler kosova konusunda anlaşamadılar
common_voice_tr_19100818.wav,193580,projenin iki bin beş yılında tamamlanması planlanıyor
common_voice_tr_19874183.wav,141356,türk liderleri saldırıyı kınadılar
common_voice_tr_19878313.wav,136748,bunları yapmak zorundalar
common_voice_tr_19878316.wav,134444,her gün en fazla dört sandık taşınıyor
common_voice_tr_19874174.wav,177452,romen medyası bu yeni tavrı tepkiyle karşıladı
common_voice_tr_19878317.wav,165164,günlük üretim yedi yüz kırk beşten sekiz yüz kırk üniteye çıkarıldı
common_voice_tr_19878365.wav,139820,bölgesel işbirliği için iyi bir gerekçe vardır
common_voice_tr_19878364.wav,120620,oysa işler pek de öyle değil
common_voice_tr_19878353.wav,139052,alproud yaygın bir görüşü toparlıyor
common_voice_tr_19878367.wav,102188,yeterli kaynak yok
common_voice_tr_19878369.wav,151340,makedonya resmi aday ülke statüsüne kavuştu
common_voice_tr_19878373.wav,124460,bu yıl ise ayrılan bu rakam yeterli olmayabilir
common_voice_tr_19878375.wav,140588,dimitrov isim önerisi getirilmediğini doğruladı
common_voice_tr_19878377.wav,151340,bu noktada bilgi paylaşımı da giderek gelişiyor
common_voice_tr_19878382.wav,121388,bu noktada iki çıkarım yapmak mümkün
common_voice_tr_19878379.wav,115244,ancak bu durum son yıllarda değişiyor
common_voice_tr_19878371.wav,122156,romen hükümeti de projeye katkıda bulunuyor
common_voice_tr_19878398.wav,126764,filtreleri aşmaya çalışmak suç sayılacak
common_voice_tr_19896728.wav,155180,başbakan muhalefetin katkılarını da kabul etti
common_voice_tr_19896729.wav,124460,yeşil şartlar normal anlamına geliyor
common_voice_tr_19896732.wav,150572,belediyelerin çoğu iflas bayrağını çekti
common_voice_tr_22023322.wav,134444,pamuk doksan birinci sırada yer aldı
common_voice_tr_19878402.wav,123692,fikir karışık tepkilere yol açtı
common_voice_tr_22023740.wav,98348,en zor dönem buydu
common_voice_tr_22023320.wav,129068,bazıları şimdiden başarıya ulaştı
common_voice_tr_22023736.wav,111404,ancak hüsran da söz konusu
common_voice_tr_22023812.wav,149036,fakat kararda soykırım sözcüğü yer almıyor
common_voice_tr_22023741.wav,129836,gruevski de benzer umutlarını dile getirdi
common_voice_tr_22023867.wav,160556,makedonya'nın iyi bir ev sahipliği yaptığını düşünüyor musunuz
common_voice_tr_22024100.wav,124460,ayrıca festival nerelerde yapılacak
common_voice_tr_22023869.wav,165164,peki tüm bunlar gerçekleştirilebilirse ne olacak
common_voice_tr_22024145.wav,136748,dördüncü şahsın menşei belirlenemedi
common_voice_tr_22023808.wav,269612,fransa'da insanların kafelerde sigara içmekten vazgeçeceğini kim düşünürdü diyor
common_voice_tr_22024149.wav,116780,bunu nasıl iyileştirmeye çalışıyorsunuz
common_voice_tr_22023947.wav,225068,tam olarak itiraz ettiğini noktalar neler sizce yasanın olumlu yönleri de var mı
common_voice_tr_22024334.wav,123692,bir köy bu konuda ortalamanın üstünde
common_voice_tr_20759538.wav,125228,diplomasi sabır ve zaman ister
common_voice_tr_20759541.wav,115244,düşüş genel ekonomik krize bağlandı
common_voice_tr_22024387.wav,126764,parti kararı temyize götürdü
common_voice_tr_20759546.wav,126764,sonuç olarak ashdown müdahale etti
common_voice_tr_22024395.wav,106028,fuar pazar günü sona eriyor
common_voice_tr_22024144.wav,79916,bu imkansız
common_voice_tr_20759552.wav,116012,ne var ki erdoğan davaya destek vermedi
common_voice_tr_20759545.wav,109100,ne yazık ki anlamam uzun sürmedi
common_voice_tr_20759556.wav,158252,özel ve kamu yatırımlarında azalmalar var
common_voice_tr_20759560.wav,124460,fabrikanın bin beş yüz işçiye iş sağlaması bekleniyor
common_voice_tr_20759549.wav,95276,oyun alanı sadece bir örnek
common_voice_tr_20759551.wav,177452,hamanov aleyhindeki davaysa beş yıl üç ay sürdü
common_voice_tr_20763641.wav,125996,hırvatistan'ın da bunu izlemesi bekleniyordu
common_voice_tr_20763639.wav,116780,onlara komünist sistemi anlattı
common_voice_tr_20759558.wav,108332,yine de fırsatlar kapısı açık görünüyor
common_voice_tr_20763651.wav,125228,ancak bu strateji sandıkta karşılık görmedi
common_voice_tr_20763652.wav,128300,projenin ilk safhası otuz bir okulu kapsayacak
common_voice_tr_20763643.wav,134444,ve bu yaşanan sorunla ilgili tek örnek değil
common_voice_tr_20763672.wav,100652,üçüncü şüphelinin adı açıklanmadı
common_voice_tr_20763658.wav,136748,papanın bu ülkeye yaptigi ucuncu ziyaret oluyor
common_voice_tr_20763707.wav,131372,misyonun bir parçası olmaktan gurur duyuyorum
common_voice_tr_20763705.wav,109868,bu temel görevler büyük oranda yerine getirildi
common_voice_tr_20763712.wav,109100,yeni anayasanın onaylamasına çalışılacak
common_voice_tr_20763721.wav,82220,bir diğer zanlı ise aranıyor
common_voice_tr_20763722.wav,128300,bir önceki zam ocak iki bin onda yapılmıştı
common_voice_tr_20763750.wav,135212,fikir dünyanın pek çok ülkesinde başarı kazandı
common_voice_tr_19479915.wav,126764,kosova cumhurbaşkanı liderlik ödülü aldı
common_voice_tr_20763728.wav,114476,etkinlik cumartesi günü sona erdi
common_voice_tr_19479912.wav,128300,şampiyonaya yirmi ülkeden sporcular katılacak
common_voice_tr_19479919.wav,115244,ama bu amacına da ulaşamadı
common_voice_tr_19480103.wav,108332,her an tehdit edilebiliyorlar
common_voice_tr_20763730.wav,147500,yarışmaya seksen üç ülkeden toplam iki yüz elli sekiz öğrenci katıldı
common_voice_tr_19479922.wav,205100,bu tür yatırımlar aracılığıyla bütçeye ne oranda bir kaynak girişi sağlanması bekleniyor
common_voice_tr_19480106.wav,97580,ancak temelde bir iş sorundur
common_voice_tr_19480140.wav,92204,elimizde video kayıtları var
common_voice_tr_19480108.wav,135980,acaba buna yol açan etken kosova'daki durum olabilir mi
common_voice_tr_19480137.wav,114476,siyasi istikrar da bunda rol oynadı
common_voice_tr_19480139.wav,109100,ancak gerçek oran kuskusuz daha yüksek
common_voice_tr_19480145.wav,105260,ancak belirli bir çözüm seçilmedi
common_voice_tr_19480166.wav,76076,vaat etmiyoruz
common_voice_tr_19480138.wav,134444,yordanova bin beş yüz metre yarışında koşacaktı
common_voice_tr_19480163.wav,117548,su sistemi üç aşamada tamamlanacak
common_voice_tr_19480189.wav,129068,buna bir dolu avantaj ve ikramiye de ekleniyor
common_voice_tr_19480209.wav,121388,kotooşu'nun yüksek mevkilerde de hayranları var
common_voice_tr_19480201.wav,96044,burada tam olarak ne oldu
common_voice_tr_19480195.wav,97580,başbakanın mesajı açıktı
common_voice_tr_19480178.wav,105260,orenburg tesisindeki kontrol odası
common_voice_tr_19480182.wav,128300,ancak sendika liderleri buna istisnalar
common_voice_tr_19480219.wav,129068,bu durumun gelecekte değişeceğini düşünüyor musunuz
common_voice_tr_19480203.wav,94508,ancak firmaların da elleri boş durmuyor
common_voice_tr_19351639.wav,145964,sanader bu yaz umut verici bir başlangıç yaptı
common_voice_tr_19351633.wav,142124,bunu başarmak için de yeterli eğitim gerekiyor
common_voice_tr_19351638.wav,202028,olduktan sonra tepki gösterebilirsiniz ama olmasını nasıl engelleyebilirsiniz
common_voice_tr_19351685.wav,111404,bir çok ülkeden bir sürü çocukla tanışıyoruz
common_voice_tr_19351654.wav,157484,yeni tesisin yıllık kapasitesi sekiz virgül beş kilowatt saat olacak
common_voice_tr_19351696.wav,115244,birlik şu anda altı bin askere sahip
common_voice_tr_19351679.wav,88364,temyiz süreci şu anda devam ediyor
common_voice_tr_19351698.wav,125228,o suçlu on yıldır hayatımızı yönlendiriyor
common_voice_tr_19351707.wav,57644,favori kim
common_voice_tr_19351734.wav,119084,fünikülerin yatay uzunluğu dört bin yüz seksen iki metre
common_voice_tr_19351738.wav,111404,krizin tam etkisi hala ölçülemedi
common_voice_tr_19351708.wav,125228,kosteliç'in madalya umudu mahvolmuş görünüyordu
common_voice_tr_19351750.wav,119084,seyircinin yüzde kırkı yabancılardan oluşuyordu
common_voice_tr_19351778.wav,115244,ancak değişikliklerden herkes memnun değil
common_voice_tr_19351786.wav,111404,pensioners also lambasted the measures
common_voice_tr_19351756.wav,86828,bu durum bu yıl da geçerliydi
common_voice_tr_19351789.wav,119084,kuzeyde yaşanan çatışmalarda en az on beş kişi öldü
common_voice_tr_19351757.wav,103724,yaklaşık otuz aileyi alan büyük bir ahırdı
common_voice_tr_18756242.wav,132908,bunda başarı sağlandı gibi de görünüyor
common_voice_tr_18756282.wav,90668,kadın meclis üyelerinin sayısı da artıyor
common_voice_tr_18756262.wav,122924,tasarı yüksek mahkeme tarafından da reddedildi
common_voice_tr_18756266.wav,109868,çalışanlar kırk günden fazla süredir grev yapıyor
common_voice_tr_18756277.wav,103724,mahhemenin altı ay sürmesi bekleniyor
common_voice_tr_18756265.wav,86828,peki bu jeolojik hareketliliğin sebebi ne
common_voice_tr_18756278.wav,117548,bu düşüş de yine işten çıkarma anlamına gelecek
common_voice_tr_18756243.wav,122924,türkiye tutuklamaları memnuniyetle karşıladı
common_voice_tr_18756280.wav,157484,bir kasabanın yarısını boşaltmak zorunda kalırsanız bu kadar insanı nereye taşıyacaksınız
common_voice_tr_18756284.wav,84524,bu avrupa'ya uzanan bir yol
common_voice_tr_18756303.wav,109868,costi rogozanu meseleyi küçümsüyor
common_voice_tr_18756370.wav,99884,bu aralık iki bin onda oldu
common_voice_tr_18756302.wav,109868,teklif kırk beş gün süreyle geçerli olacak
common_voice_tr_18756371.wav,94508,türkiye yönetim sistemini elden geçiriyor
common_voice_tr_18756389.wav,106028,her aileye beş yüz avro kadar yardım yapılabilecek
common_voice_tr_18756390.wav,98348,bunun üzerine gaşi ateş açtı
common_voice_tr_18756410.wav,98348,seydiu'nun hareketi bazılarına sürpriz oldu
common_voice_tr_18756421.wav,98348,turnuvada dünyadan elli yedi oyuncu biraraya gelecek
common_voice_tr_18756413.wav,126764,dava boyunca ağırbaşlı bir biçimde duruşmalara katılabilecek mi
common_voice_tr_18756459.wav,88364,numara değiştirme hizmeti ekim ayında başlamıştı
common_voice_tr_18756452.wav,73004,olayla ilgili soruşturma sürüyor
common_voice_tr_18756463.wav,82988,peki söz konusu beklentiler gerçekçi mi
common_voice_tr_18511733.wav,118316,jonuz kısa süreli görevi kabul eden tek adaydı
common_voice_tr_18756450.wav,73004,yalandan inanma olamaz
common_voice_tr_18511720.wav,110636,müşteriler geçip gittiğinde iç çekiyor
common_voice_tr_18511726.wav,204332,yerli ilaçlar yoksa yerli ilaç firmaları çalışmıyorsa neden bu ilaçları ithal etmiyorlar
common_voice_tr_18511790.wav,92972,ancak buna yasal bir engel olabilir
common_voice_tr_18511783.wav,135980,sırp ordusu ihtilafı önlemek için nasıl tepki gösterecektir
common_voice_tr_18511781.wav,81452,bu bir kalite meselesi
common_voice_tr_18511770.wav,126764,hayranlar sırılsıklam fakat heyecanlıydılar
common_voice_tr_18511819.wav,116012,bu yıl bir otuzuncu yıldönümüne de sahne olacak
common_voice_tr_18511782.wav,87596,sıkıyönetim ilan edildi
common_voice_tr_18511793.wav,118316,bunların çoğu yirmi ile yirmi dört yaş arasında
common_voice_tr_18511806.wav,131372,bunun etkileri ise şüphesiz oldukça çarpıcı oldu
common_voice_tr_18511795.wav,109100,tek istisna ise vize serbestliği konusu oldu
common_voice_tr_18511809.wav,118316,sadece gelinlik yaklaşık kırk kilo gelir
common_voice_tr_18511803.wav,117548,bu yüzden de bu açıdan önemlidirler
common_voice_tr_18511807.wav,104492,fakat bazı radikaller ve suçlular da var
common_voice_tr_18511797.wav,115244,değişimin temelleri şimdiden atılmaya başlanmalı
common_voice_tr_18511811.wav,109100,diğer üçü ise sofya'da ele geçirildi
common_voice_tr_18511792.wav,98348,bu meselenin bu yıl içinde çözüleceğinden eminim
common_voice_tr_18511768.wav,109100,alıcının adı kasım ayında duyurulacak
common_voice_tr_21317442.wav,106028,bu en yüksek risktir
common_voice_tr_21317443.wav,145964,muhalefet partileri öneriye isyan ettiler
common_voice_tr_18511813.wav,140588,fakat bu dönüşüm nasıl gerçekleşebilir bu açmazdan nasıl çıkılabilir
common_voice_tr_18511815.wav,116780,yeni fiyatlar gelecek ay yürürlüğe girecek
common_voice_tr_21324793.wav,175148,mevcut ortam bir tür balon olarak tanımlanabilir mi
common_voice_tr_21324796.wav,145964,bundan sonra bir şeylerin değişmesi gerekecek
common_voice_tr_21324792.wav,194348,bir diğer on altı bin altı yüz altmış iki kişi ise halen kayıp
common_voice_tr_21317440.wav,268844,blogcu generallerin istifasından sonra bunların olmasını önleme umudu kaldı mı diye soruyor
common_voice_tr_21482181.wav,129068,listede yirmi beş ülkeden filmler yer alıyor
common_voice_tr_21482249.wav,144428,roman olmadığımı söylesem bir şey farkeder mi
common_voice_tr_21482414.wav,215084,fakat morallerin yüksek olması makedonya'nın zor zamanları atlatması için yeterli olacak mı
common_voice_tr_21482470.wav,138284,ailenin her ferdine birer dilim dağıtılıyor
common_voice_tr_21482333.wav,149804,ülke olimpiyatları yirmi ikinci sırada tamamladı
common_voice_tr_21482330.wav,132908,yunanistan formula bir pisti için yeri seçti
common_voice_tr_21482565.wav,138284,genelde izinleri almak aylar sürüyor
common_voice_tr_21482471.wav,149804,bunlar tutukevindeki tek zavaş suç zanlıları
common_voice_tr_21482317.wav,159788,rusya ülkeye dünya örgütünde destek vermişti
common_voice_tr_21482686.wav,119084,fabrikanın bir yıl içinde açılması bekleniyor
common_voice_tr_21482472.wav,103724,her iki taktik de tartışmaya açık
common_voice_tr_21482617.wav,134444,makroekonomik durum tekin kabul ediliyor
common_voice_tr_21482614.wav,126764,bu da işçi maaşlarına hiçbir şey bırakmıyor
common_voice_tr_21482683.wav,136748,projeler programın gerisinde ve durmuş durumda
common_voice_tr_21482687.wav,125228,müziği eski bir bosna halk şarkısından geliyor
common_voice_tr_21482689.wav,138284,fakat aynı zamanda da tehdit altında
common_voice_tr_21482730.wav,148268,mültecilerin çoğu daha sonra infaz edildi
common_voice_tr_17346627.wav,130604,profesöre göre sürecin aşamalı olması gerekiyor
common_voice_tr_17346683.wav,96044,fakat sadece orduyu eleştirmek de yanlış olur
common_voice_tr_17346660.wav,69164,bu konudaki izlenimleriniz ne yönde
common_voice_tr_17346693.wav,88364,hırvatistan dijital televizyona geçti
common_voice_tr_17346684.wav,86828,ancak o günü bütün ülkeler kutlamadı
common_voice_tr_17346678.wav,53804,gerçekler olmadan barış olmaz
common_voice_tr_17346658.wav,59948,bu arada seçimler de yaklaşıyor
common_voice_tr_17346708.wav,76844,gerisiyse henüz değerlendirilmedi
common_voice_tr_17346626.wav,126764,bu kalıplaşmış düşünceye tepkiniz nedir
common_voice_tr_17346701.wav,71468,fikri uluslararası örgütler de kınadı
common_voice_tr_17346757.wav,94508,kurul salı günü tekrar toplanma kararı aldı
common_voice_tr_17346651.wav,82988,ab sonucu memnuniyetle karşıladı
common_voice_tr_17346762.wav,113708,bitiki de bağlantının net olmadığına katılıyor
common_voice_tr_17346763.wav,53804,ne yapabilirim ki
common_voice_tr_17346785.wav,98348,ülkede elle tutulur bir heyecan var
common_voice_tr_17346782.wav,90668,halk bize destek verdi ve bize güvenebilirler
common_voice_tr_20408945.wav,163628,bugünse bu kasa dolu olmaktan çok boş
common_voice_tr_17346737.wav,86828,her iki toplumdan da sakin olmalarını istiyoruz
common_voice_tr_20416186.wav,161324,boskovski tüm suçlamaları reddetti
common_voice_tr_17346793.wav,84524,diğer kadın adaylar yarıştan çekildiler
common_voice_tr_17346798.wav,86828,kazanan önümüzdeki yılın başında açıklanacak
common_voice_tr_20416189.wav,234284,sizce etnik çeşitlilik yakın zamanda kosova'da gerçeğe dönüşebilir mi
common_voice_tr_17346810.wav,88364,bu stratejide ne tür yenilikler öngörülüyor
common_voice_tr_20416201.wav,140588,grupta iki kişide yüksek ateş vardı
common_voice_tr_20416185.wav,126764,bu fazlanın bu yıl daha da artması bekleniyor
common_voice_tr_20416200.wav,119084,fakat ilerleme vakti geldi
common_voice_tr_20416196.wav,142124,bir siyasi kargaşa dönemi yakın görünüyor
common_voice_tr_20416243.wav,103724,kalkınma yok bölgede
common_voice_tr_20416218.wav,132908,dostluğunuza müteşekkirim
common_voice_tr_20416209.wav,132908,ürünlerimizin kabul edilmesini istiyoruz
common_voice_tr_20416188.wav,148268,kazanan firma şubat ayı sonunda açıklanacak
common_voice_tr_20416242.wav,142124,denetçiler kişisel banka hesaplarını açabilecek
common_voice_tr_20416253.wav,107564,kentas bundan emin değil
common_voice_tr_20416299.wav,149804,arnavutluk planı ise planı onaylıyor
common_voice_tr_20416283.wav,149804,sanatçının yarışmaya ikinci katılışı olacak
common_voice_tr_20416265.wav,138284,bir diğer önemli engel de bilgi eksikliği
common_voice_tr_20416281.wav,180524,hükümet şirketin yüzde yirmi beşini elinde tutmak istiyor
common_voice_tr_20416266.wav,180524,gümrük idaresi beş yüz yetmiş iki virgül iki milyon avro topladı
common_voice_tr_20416272.wav,111404,faaliyetler burada bitmiyor
common_voice_tr_20416282.wav,145964,etkinlikle baharı karşılamak amaçlanıyor
common_voice_tr_20416340.wav,122924,bu konuda sizin tutumunuz nedir
common_voice_tr_20416298.wav,145964,bence bu tarz şeylere açık olmanız gerekiyor
common_voice_tr_20416321.wav,180524,gerçekler oldukça çatışan sinyaller vermektedir
common_voice_tr_20416331.wav,140588,bu kıta büyük özverilerin bir ürünüdür
common_voice_tr_20416329.wav,103724,söz konusu süre altı ay
common_voice_tr_20416333.wav,155948,ban ziyaret için kesin bir tarih vermedi
common_voice_tr_20416332.wav,134444,sanatçı ilkinde solo çalmıştı
common_voice_tr_20416324.wav,172844,sırbistan savunma bakanı bağdat'ı ziyaret etti
common_voice_tr_20416368.wav,113708,ab de hükümeti destekledi
common_voice_tr_20416346.wav,106028,bu haberler doğru mu
common_voice_tr_20416382.wav,163628,ancak bu işbirliğinin kolay olmadığı görüldü
common_voice_tr_20429354.wav,132908,hırvat liderler de bunu kabul ettiler
common_voice_tr_20429336.wav,142124,bu arada asıl sorun da ortadan kalkmış değil
common_voice_tr_20416367.wav,176684,ortak sınır aynı zamanda schengen sınırı olacak
common_voice_tr_20416385.wav,126764,henüz meclis çoğunluğu elde edilemedi
common_voice_tr_20416369.wav,140588,ancak sürecin tamamlanmasına daha çok var
common_voice_tr_19183216.wav,148268,peki siz kariyeriniz boyunca bunu yapmayı başarabildiniz mi
common_voice_tr_20429355.wav,155948,referandumun kabulü için salt çoğunluk gerekiyor
common_voice_tr_19183203.wav,113708,kaybedecek hiçbir şeyim yok
common_voice_tr_19183215.wav,119084,türkiye de yardım eden ülkelerden biriydi
common_voice_tr_19183237.wav,125228,rugova geçen ekim ayında tekrar seçildi
common_voice_tr_19183233.wav,117548,suça polis bakar ordu değil
common_voice_tr_19183236.wav,153644,mesiç'in görev süresi şubat ayında sona eriyor
common_voice_tr_19183234.wav,130604,köyler yok olurken binlerce kişi evsiz kaldı
common_voice_tr_19183303.wav,94508,önemli ekonomik faktörler de söz konusu
common_voice_tr_19183257.wav,149804,gül'ün bu gelişme üzerine gitmesi bekleniyor
common_voice_tr_19183292.wav,111404,artık yığılmalar ortadan kalktı
common_voice_tr_19183285.wav,145964,sırbistan ve bölge açısından herhangi bir güvenlik riski mevcut mu
common_voice_tr_19183305.wav,109868,örgüt çok sayıda şiddet olayı da bildirdi
common_voice_tr_19183288.wav,76844,bir amacımız yok
common_voice_tr_19183310.wav,86828,biz size yardım etmeye hazırız
common_voice_tr_19183311.wav,99884,etkinlik çarşamba günü sona erdi
common_voice_tr_19183265.wav,86828,yangında yaralanan olmadı
common_voice_tr_19183319.wav,88364,ekonomik bir hac sanki
common_voice_tr_19183312.wav,79148,opa
common_voice_tr_19183321.wav,102188,kıbrıs rum takımı bu yıl turnuvaya katılmayacak
common_voice_tr_19183326.wav,107564,operasyonda üç işadamı da gözaltına alındı
common_voice_tr_19183323.wav,103724,fakat sokakta herkes iyimser bir havada değil
common_voice_tr_19183325.wav,132908,ekonomik kriz yüzünden yaz tatiline çıkamıyor musunuz
common_voice_tr_19183340.wav,76844,bu mesele çok fazla uzadı
common_voice_tr_19183343.wav,84524,bu kadarla da kalmadı
common_voice_tr_19183332.wav,103724,bu görevlerin çoğu tehlikeli kabul edilmiyor
common_voice_tr_19183368.wav,109868,antrenör yoktur bir spora bile benzemez
common_voice_tr_19183349.wav,99884,sizin bu çözümdeki rolünüz ne olur
common_voice_tr_21731363.wav,109100,yine de seçenekler var
common_voice_tr_21731364.wav,140588,yunanistan örgütün dönem başkanlığını yürütüyor
common_voice_tr_21731355.wav,159788,yüzlercesi hakkında ise davalar açıldı
common_voice_tr_19183308.wav,130604,kimi zamlar ise dünya piyasalarına atfediliyor
common_voice_tr_19183375.wav,111404,soygunda iki banka çalışanı hafif yaralandı
common_voice_tr_19183333.wav,107564,proje gelecek yılın sonuna kadar uygulanacak
common_voice_tr_21731383.wav,145964,en büyük ve en değerli firmalar hala devlet malı
common_voice_tr_21731417.wav,214316,sırbistan kosova tarafından verilen araç plakalarını ve evrakları tanıyacak mı
common_voice_tr_21731389.wav,169004,kısır döngüleri ve az gelişmişlik tuzaklarını kırmak neden bu kadar zor
common_voice_tr_21731384.wav,134444,douka ödülü kazanan dokuzuncu kişi oldu
common_voice_tr_21731388.wav,121388,tartışmalara gelen tepkiler karışık oldu
common_voice_tr_21731452.wav,100652,vesiç birkaç örnek daha veriyor
common_voice_tr_21731454.wav,117548,takım nihayet havasını bulmuş gibi görünüyordu
common_voice_tr_21734677.wav,162860,fuarda on beş ülkeden bin sekiz yüz katılımcı bir araya geldi
common_voice_tr_21731450.wav,208940,bir vergi politikası nasıl bir yapıda ve ne düzeyde vergi gelirleri hedeflemelidir
common_voice_tr_21743752.wav,99884,asıl soru bu
common_voice_tr_21743725.wav,122924,peki anlatılanlar yalnızca bir öyküden mi ibaret
common_voice_tr_21734678.wav,127532,fabrikada elli kişiye iş sağlanacak
common_voice_tr_21743754.wav,107564,onları bekleyen başlıca güçlükler nelerdir
common_voice_tr_21734717.wav,118316,vatandaşlar zam haberini iyi karşılamadı
common_voice_tr_21743741.wav,118316,şimdi budapeşte de konuya müdahale etti
common_voice_tr_21734672.wav,129836,sergi mayıs ayı sonuna kadar gezilebilecek
common_voice_tr_19847015.wav,132908,bulgar hükümeti projede yüzde elli bir hisseye sahip
common_voice_tr_19847072.wav,119084,üsküp'te yeni bir kültür merkezi açıldı
common_voice_tr_19847017.wav,134444,festivalde bin beş yüzün üzerinde film yarıştı
common_voice_tr_19847049.wav,99884,benim için de aynısı geçerliydi
common_voice_tr_19847035.wav,134444,tasarı iki bin dört yılı sonunda meclise sunulacak
common_voice_tr_19847050.wav,122924,yeni anlaşma mart iki bin on ikide imzalanacak
common_voice_tr_19847079.wav,138284,ülke ırklararası büyük çatışmalara sahne oldu
common_voice_tr_19847113.wav,115244,bu arnavutluk için büyük bir zafer
common_voice_tr_19847081.wav,149804,hareket yaklaşık iki bin iki yüz çalışanı etkileyecek
common_voice_tr_19847087.wav,121388,çocuklar yerel kliniklerde aşı olabilecek
common_voice_tr_19847070.wav,142124,şimdi bu önerilerin somutlaştırılması gerekiyor
common_voice_tr_19847114.wav,88364,sırbistan almanya maçı
common_voice_tr_19847091.wav,152108,projenin toplam maliyeti yüz elli dört milyon avroyu geçti
common_voice_tr_19847136.wav,119084,tenisçi geçen yıl hiçbir turnuva kazanamadı
common_voice_tr_19847090.wav,119084,ancak daha yapılacak çok iş var
common_voice_tr_19847051.wav,134444,küçülmenin bu yıl da devam etmesini bekliyoruz
common_voice_tr_19847148.wav,98348,fakat bu tezatın bir açıklaması var
common_voice_tr_19847130.wav,106028,ancak bu durum artık değişmeye başladı
common_voice_tr_19847159.wav,113708,tepkiler beklenilenden farklı olmadı
common_voice_tr_19847106.wav,111404,ardından hamuru iki parçaya bölün
common_voice_tr_19847176.wav,125228,kosova avrupa'nın en genç nüfusuna sahip
common_voice_tr_19847132.wav,117548,anlaşmadan en az iki büyük fayda bekleniyor
common_voice_tr_19847177.wav,207404,söz konusu kişilerin eskiden yaşadıkları yerlerin güvenliği konusunda bize ne söyleyebilirsiniz
common_voice_tr_19847157.wav,92204,bugüne kadar neler denedin
common_voice_tr_19847238.wav,115244,fakat basın standartları da tehlikede bulunuyor
common_voice_tr_19847214.wav,107564,ancak diğer analistler durumdan daha umutlu
common_voice_tr_19847226.wav,117548,fakat iyi haber uyarısız olarak gelmiyor
common_voice_tr_19847204.wav,115244,belgrad hareketi kesin bir dille eleştiriyor
common_voice_tr_19847152.wav,96044,sergi on iki haziran'da kapanıyor
common_voice_tr_19847267.wav,125228,tuzla çeşitli ödüller almış bir şehir
common_voice_tr_19847215.wav,161324,sonuçta tüm bu ülkeyi köprüleri fabrikaları kim inşa etti
common_voice_tr_19847242.wav,122924,sonuçta da kurbanların çoğu türkler oldu
common_voice_tr_19847174.wav,121388,sırbistan on bir mayıs'ta başkanlığı devralacak
common_voice_tr_18685005.wav,102188,ülkemiz demiryollarımız ve raylarımız gibi
common_voice_tr_18684987.wav,107564,askerlerin hizmetleri ekim ayında sona erecek
common_voice_tr_18697591.wav,115244,projenin değeri iki virgül yetmiş yedi milyon avro
common_voice_tr_18731929.wav,102188,panteliç şimdi adli işlemleri bekliyor
common_voice_tr_18685007.wav,125228,cavcav her iki teklifi de geri çevirdi
common_voice_tr_18697589.wav,102188,bu devrimci mesajlara benziyor
common_voice_tr_18731937.wav,71468,ona göre çabalar işe yarıyor
common_voice_tr_18731939.wav,138284,hırvat borçlular frank başına beş virgül sekiz kuna ödeyecek
common_voice_tr_18731940.wav,113708,neden partiden ayrılarak demos'u kurmaya karar verdiniz
common_voice_tr_18731944.wav,106028,olanları öğrendikten sonra bile sessiz kaldım
common_voice_tr_18731945.wav,99884,analistler de kararların önemine dikkat çekiyor
common_voice_tr_18731933.wav,113708,gerçekteyse sadece yirmi beş milyon avro ödendi
common_voice_tr_18731963.wav,96044,mevki ocak iki bin üçten bu yana boş duruyor
common_voice_tr_18731934.wav,122924,sahte bir seyahat belgesi yaklaşık beş yüz avro
common_voice_tr_18731966.wav,121388,yurtta da bütün çocuklara kapısını açtı
common_voice_tr_18731959.wav,107564,egmont grubu bu meselelere nasıl yaklaşıyor
common_voice_tr_18731961.wav,84524,makedon hükümeti öneriyi reddetti
common_voice_tr_18731955.wav,117548,ab üyeliği ise daha zorlu bir yol
common_voice_tr_18731950.wav,136748,mevcut ihale planlanan üç santralin biri için
common_voice_tr_18731965.wav,119084,yaklaşık yüz elli dört rad taraftarı tutuklandı
common_voice_tr_18731970.wav,96044,olayla ilgili bir tutuklama yapılmadı
common_voice_tr_18731980.wav,130604,arnavutluk kırk ikinci makedonya ise yetmiş ikinci sırada
common_voice_tr_18731995.wav,92204,ya tahmin hatalı çıkarsa
common_voice_tr_20308686.wav,86828,duruşma on bir ekim'de yapılacak
common_voice_tr_18731962.wav,103724,bugün goralılar üç ayrı ülkeye dağılmış durumda
common_voice_tr_18731998.wav,98348,kentin kalburüstü semti olan sandton'a gittik
common_voice_tr_20308764.wav,96044,bekaj musliu'nun akrabası
common_voice_tr_20308687.wav,125228,takım üç sezondur şampiyonluğu elden bırakmıyor
common_voice_tr_19421323.wav,103724,hırvat heyetinin gezisi bir hafta sürecek
common_voice_tr_19421317.wav,134444,belgrad'ın bu konudaki görüşü ise tamamen farklı
common_voice_tr_19421259.wav,117548,sanıkların tümü suçlamaları reddetti
common_voice_tr_19421296.wav,119084,konut ve eğitim en önemli alanlar
common_voice_tr_19421318.wav,115244,bombalardan biri patlayarak hasara yol açtı
common_voice_tr_19421325.wav,155948,mali af akıllıca bir kamu politikası mı yoksa seçim oyunu mu
common_voice_tr_19421322.wav,109868,birlikte iki çocukları olmuş
common_voice_tr_19421345.wav,122924,açıklamaya rağmen kavganın durulduğu pek yok
common_voice_tr_19421358.wav,94508,başvuru süresi bir mart'ta sona erecek
common_voice_tr_19421365.wav,103724,kazı çalışmaları iki bin beş başına kadar sürecek
common_voice_tr_19421359.wav,122924,tahminen kaç gazeteci işten çıkarıldı
common_voice_tr_19421326.wav,115244,ayin on beş dile tercüme edildi
common_voice_tr_19421374.wav,92204,en fazla dört tur oylama yapılabilecek
common_voice_tr_19421397.wav,86828,hayranlar da memnun kaldılar
common_voice_tr_19421375.wav,107564,benedikt ile yaptığı görüşme sonrasında geldi
common_voice_tr_19421429.wav,155948,gösterge faiz oranı yüzde altıdan yüzde beş virgül yetmiş beşe düşürüldü
common_voice_tr_19421391.wav,115244,son kilometre taşı ise aralık iki bin dörtte
common_voice_tr_19421430.wav,171308,taşınmaz ordu malları konusunda anlaşmaya varmaya yetecek kadar iyi mi
common_voice_tr_19421393.wav,109868,priştine'nin yanıtı çabuk geldi
common_voice_tr_19421398.wav,99884,özellikle de genç kızlar size bayılıyor
common_voice_tr_21361001.wav,142892,bunlara daha beslenme çantası dahil değil
common_voice_tr_21361005.wav,82988,vizeli mi vizesiz mi
common_voice_tr_19421412.wav,86828,ve tabii ki banyoda kaçak var
common_voice_tr_21361023.wav,116012,esas yarışma son iki günde yapıldı
common_voice_tr_21361040.wav,132908,kosova makamları da bu fikre karşı çıktılar
common_voice_tr_21360990.wav,126764,kimileri ise koşulları kabullenmekle yetiniyor
common_voice_tr_21360972.wav,138284,ödemeler ticari bankalar tarafından yürütülüyor
common_voice_tr_21361003.wav,139820,devlet koruması altındaki bir eser haline gelmiş
common_voice_tr_21361022.wav,148268,sergi yedi nisan'a kadar açık kalacak
common_voice_tr_21361077.wav,112172,peki nerede hata yaptılar
common_voice_tr_21361075.wav,112172,bunun için de çalışmak gerekli
common_voice_tr_21361076.wav,75308,dünya kupası geldi
common_voice_tr_21367841.wav,135980,ancak yasanın geçirilmesi engellendi
common_voice_tr_21361112.wav,109100,türkiye için müzakere sürecine geçildi
common_voice_tr_21367851.wav,100652,ardından saçı kesiliyor
common_voice_tr_21367930.wav,146732,eşi oğlu ve torunuysa ağır yaralandı
common_voice_tr_21367949.wav,134444,kosova'daki herkesin bunda çıkarı vardır
common_voice_tr_21367879.wav,119852,ancak iki taraf da konuşma yapmadı
common_voice_tr_21367844.wav,113708,meclis'ten mahkemelerden söz ediyorum
common_voice_tr_21368025.wav,215084,yannoulatos'u iki yüz elli yerli aydın aday gösterdi
common_voice_tr_21368063.wav,195884,fakat ülke bu pazar konumundan sonuna kadar yararlanabiliyor mu
common_voice_tr_21368021.wav,212012,bu anlaşmazlığın yakında sona ereceğini düşünüyor musunuz ve sizce müzakereler ne yönde ilerler
common_voice_tr_21367858.wav,128300,etkinlik yirmi sekiz ekim'de sona erecek
common_voice_tr_17528658.wav,69164,tebrik edilmeyi hak ediyor
common_voice_tr_17528648.wav,142124,neredeyse dört yüz kişi aleyhinde dava açıldı
common_voice_tr_17528645.wav,186668,kulelerde bir çok bar ve restoran bulunuyor
common_voice_tr_21368065.wav,181292,şeşel'in yokluğunda sırbistan siyasetinde neler olacak
common_voice_tr_17528666.wav,218924,yazar böyle bir zihniyetle aldığımız madalyalar bile büyük ikramiye diyor
common_voice_tr_17528654.wav,136748,rekor sayıda on bir aday yarışıyor
common_voice_tr_17528763.wav,107564,fakat zaman komünistlerden yana değildi
common_voice_tr_17528711.wav,145964,eğer türkiye'nin herhangi bir rolü olmayacaksa niçin risk alsın
common_voice_tr_17528713.wav,80684,büyükbabalarımıza ayrımcılık yapılmış
common_voice_tr_17528820.wav,129068,projenin değeri iki yüz yirmi üç milyon avro
common_voice_tr_17528843.wav,96044,yeni parlamento yirmi altı temmuz'da kurulacak
common_voice_tr_17528759.wav,88364,fakat hükümeti hakir görenler de var
common_voice_tr_17528917.wav,103724,musliu hakkındaki tüm suçlamaları reddetti
common_voice_tr_17528908.wav,125228,büyük yeniden yapım projesi dört aşamaya bölündü
common_voice_tr_17528904.wav,129068,etkinliğe yaklaşık iki yüz elli bin kişi katıldı
common_voice_tr_17528916.wav,106028,ancak verdiği kararlar önemli etik güce sahip
common_voice_tr_17528925.wav,53804,fikir yeni değil
common_voice_tr_17528902.wav,153644,dış politika alanında başlıca konu kıbrıs'tı
common_voice_tr_17528928.wav,121388,projenin toplam bütçesi bir milyar avro
common_voice_tr_17528944.wav,99884,tahsilat firmaları altın çağlarını yaşıyorlar
common_voice_tr_17528941.wav,94508,cuma günkü oylamaya karışık tepkiler geldi
common_voice_tr_17528927.wav,86828,bulgaristan da aynı tarihte üye olacak
common_voice_tr_17528932.wav,107564,son yıllarda belgrad önemli bir gelişim geçirdi
common_voice_tr_17528940.wav,103724,dağa tırmanmaya devam ettik
common_voice_tr_17528946.wav,102188,ancak hükümet ücret ödenmemesine karar verdi
common_voice_tr_17528964.wav,84524,yerleşim yerlerinin manzarası harika
common_voice_tr_19013983.wav,184364,yıldız da duyduğu güveni dile getirdi
common_voice_tr_17528961.wav,88364,polis olaya müdahale ederek düzeni sağladı
common_voice_tr_19014557.wav,178988,seçimlerde önemli bir olay bildirilmedi
common_voice_tr_19014007.wav,194348,türk medyası da yasağa ateş püskürdü
common_voice_tr_17528933.wav,80684,fonun şu anki değeri elli milyon avro
common_voice_tr_19014556.wav,138284,kazadan kurtulan olmadı
common_voice_tr_19014010.wav,155948,kıbrıs türklerinin çoğunluğu planı onayladı
common_voice_tr_19014558.wav,155948,sürekli tetikte olmak ne demek iyi biliriz
common_voice_tr_19014561.wav,169004,festivalde on adet film gösterilecek
common_voice_tr_19016219.wav,213548,sırbistan'daki fabrika iki bin altı yılında açılmıştı
common_voice_tr_19014570.wav,153644,siz bu konuda ne düşünüyorsunuz
common_voice_tr_19014568.wav,152108,bu miktar fazla olmasa da zamanında ödeniyor
common_voice_tr_19016217.wav,122924,bu da cuma günü gerçekleşti
common_voice_tr_19019293.wav,251948,güney sırbistan'da ülkenin geri kalanına kıyasla daha fazla basın özgürlüğü mü var
common_voice_tr_19016215.wav,175148,etkinlik bin dokuz yüz yetmiş iki yılından beri düzenleniyor
common_voice_tr_19101248.wav,119084,teklif süresi bir ay içinde sona erecek
common_voice_tr_19101111.wav,171308,ancak geçmişe değil geleceğe bakma zamanı
common_voice_tr_19101107.wav,165164,bülbüller güneş ışığında şakıyorlardı
common_voice_tr_19016218.wav,134444,daha iyi bir hayat düşünülemezdi
common_voice_tr_19101245.wav,180524,oyuncu milli takımla elli beş karşılaşmaya çıkmıştı
common_voice_tr_19196942.wav,129068,açılış törenleri şahaneydi
common_voice_tr_19197021.wav,145964,bunu söylemek zor
common_voice_tr_18375312.wav,138284,bir koridorla da hastane bölümüne bağlanıyor
common_voice_tr_19196958.wav,171308,bence olmama olasılığı oldukça yüksek
common_voice_tr_19196923.wav,169004,burada arkadaşlarım iyi adamlar var
common_voice_tr_19201462.wav,142124,kosovalı sırp liderler törene katılmadı
common_voice_tr_19196979.wav,142124,muhabbet etmek için yanımıza geliyorlar
common_voice_tr_19197019.wav,132908,yeni bir girişimin yararı olacak mı
common_voice_tr_18375327.wav,142892,kokaini taşıyan tır makedon plakalıydı
common_voice_tr_18375347.wav,124460,bu yasayı yeni bir özel birim uygulayacak
common_voice_tr_18439879.wav,161324,tesla on temmuz bin sekiz yüz elli altıda doğdu
common_voice_tr_18439909.wav,129068,protestocular salondan çıkarıldılar
common_voice_tr_18439968.wav,145964,tarihi prizren'de dar sokaklar parke taşından
common_voice_tr_18439905.wav,122924,zanlı gıyaben yargılanmaya başladı
common_voice_tr_18375350.wav,121388,herşeyin bir kapasitesi var değil mi
common_voice_tr_18439932.wav,142124,bu arada enerji piyasası da serbest bırakılacak
common_voice_tr_18439998.wav,163628,makedonya bu konuda tam olarak ne denli katkıda bulundu
common_voice_tr_19194272.wav,153644,projelerine harcanan tek para kendi paraları
common_voice_tr_20117450.wav,137516,eğitim bu toplum için hayati önem taşıyor
common_voice_tr_18440018.wav,140588,kredinin vadesi sekiz yıl olarak belirlendi
common_voice_tr_19194282.wav,121388,dokunan desen oldukça zor ve karışık
common_voice_tr_20117482.wav,117548,bu konuyu nasıl yorumluyorsunuz
common_voice_tr_18440001.wav,138284,son bir buçuk iki yıldır açıkça yalan söyledik
common_voice_tr_20117810.wav,172076,seçimlerde toplam kırk altı bin üç yüz yirmi beş aday yarıştı
common_voice_tr_21743671.wav,132908,fakat bu da daha başka sorunlara yol açabilir
common_voice_tr_20117874.wav,116012,arnavutluk sıralamaya sokulmadı
common_voice_tr_20117487.wav,102188,bu ev sahipleri için büyük bir sorun
common_voice_tr_21743667.wav,125228,makedonya henüz tanınmadı
common_voice_tr_21743674.wav,136748,bu da duruma siyasi bir açı getirmiyor mu
common_voice_tr_21748843.wav,138284,fakat bu dayanakları sağlam bir iddia mıdır
common_voice_tr_21748841.wav,126764,fakat tek yön bu değildir
common_voice_tr_18440017.wav,142124,belgradlılar bu konuda farklı görüşlere sahip
common_voice_tr_21775243.wav,149804,konukların yüzde altmış altısı yabancılardan oluşuyor
common_voice_tr_21775253.wav,155948,mücadele iki iki iki bir iki iki sonuçlandı
common_voice_tr_21775255.wav,109868,ama halk artık bunlara kanmıyor
common_voice_tr_21775254.wav,96044,orada hayat farklı
common_voice_tr_21748862.wav,159788,veya büyük anne ve babalarımızın partiye nasıl rapor verdiğini
common_voice_tr_18237806.wav,129068,çatışmada bir polis memuru hafif yaralandı
common_voice_tr_21748899.wav,129068,pek çok kimse için banka kredisi tek seçenek
common_voice_tr_18237805.wav,145964,ancak katılım nispeten düşük gerçekleşti
common_voice_tr_18237817.wav,117548,bugüne dek herkes hizmetlerimizden memnun kaldı
common_voice_tr_18237820.wav,99884,bölgeden önemli haberlerin haftalık derlemesi
common_voice_tr_18237832.wav,115244,bombalardan biri patlarken diğeri patlamadı
common_voice_tr_18237822.wav,119084,kısıtlamaların kesin içeriği gizli tutuluyor
common_voice_tr_18237816.wav,121388,ancak komisyon yine de güçlüklerle karşılaştı
common_voice_tr_18237835.wav,115244,uygulamaya mart iki bin sekizde başlanacak
common_voice_tr_18237867.wav,130604,hükümet de bu çağrılara kulak tıkamadı
common_voice_tr_18237860.wav,90668,ona göre kararda siyasi amaç güdüldü
common_voice_tr_18237842.wav,99884,etkinlik avrupa sinemasını tanıtıyor
common_voice_tr_18237870.wav,138284,aynı rakam iki bin iki yılında yüzde dokuz virgül altı idi
common_voice_tr_18237877.wav,115244,kampanya süresi de otuz günden yirmi güne indirildi
common_voice_tr_18237885.wav,129068,etkinlikte altmış ülkeden beş yüz karikatür yer alacak
common_voice_tr_18237889.wav,106028,skor üç sıfır oldu
common_voice_tr_18237868.wav,130604,öte yandan hükümet sabırlı olunmasını istiyor
common_voice_tr_18237876.wav,103724,kredilerin büyük bölümü özel şirketlere verildi
common_voice_tr_18237891.wav,113708,en sonunda oturum on altı ekim'de başladı
common_voice_tr_18237900.wav,96044,festival on iki kasım'a kadar devam edecek
common_voice_tr_18237926.wav,148268,bu kuralı ihlal edenlerse kırk avro ceza ödeyecek
common_voice_tr_18237890.wav,119084,ancak bu mahkeme sadece danışmanlık rolüne sahip
common_voice_tr_18237906.wav,98348,bunun da gelecek ay gerçekleşmesi bekleniyor
common_voice_tr_18237898.wav,159788,yeni zadar limanı iki bin on bir yılında hizmete girecek
common_voice_tr_18237927.wav,111404,sırbistan'ın sancak bölgesinde yeni seçimler mi geliyor
common_voice_tr_18237940.wav,199724,bu başarının sırrı ne sırp halkını klasik müziğe nasıl yakınlaştırdınız
common_voice_tr_18237912.wav,103724,parti gül ile görüşmeyi reddetti
common_voice_tr_18237922.wav,99884,grup olarak özel ilgi görmeyi hakediyorlar
common_voice_tr_18237924.wav,111404,kosor henüz bu meydan okumaya yanıt vermiş değil
common_voice_tr_18237943.wav,98348,bu sefer durum çok daha farklı
common_voice_tr_18237947.wav,111404,türk liderlerin on altı
common_voice_tr_18237920.wav,111404,sergiye on üç ülkeden kırk üç sanatçı katılıyor
common_voice_tr_18237958.wav,111404,yunan takımı rusya'yı on üç on yendi
common_voice_tr_18237954.wav,126764,beyin göçü hırvatistan'da kalkınmayı baltalıyor
common_voice_tr_18237957.wav,96044,yaşları on dört on beş ve on altı idi
common_voice_tr_18237914.wav,88364,ayrıca bölgede yeni bir şey de değil
common_voice_tr_18238016.wav,107564,proje yedi yüz milyon avro tutacak
common_voice_tr_18238015.wav,111404,ancak yeni yasa herkese uygulanmayacak
common_voice_tr_18238009.wav,119084,son derece uluslararası bir zihniyetteler
common_voice_tr_18238017.wav,99884,komşu kosova'da da durum aynı
common_voice_tr_18238014.wav,79148,ama bu olmadı
common_voice_tr_21287896.wav,130604,kuruluş özelleştirmeye hazır
common_voice_tr_21287912.wav,115244,fiyatlar çok yüksekti
common_voice_tr_21287928.wav,122924,bakan şu ana kadar bir yorum yapmadı
common_voice_tr_21288256.wav,144428,çok sayıda blogcu da duruma ağırlığını koydu
common_voice_tr_21287892.wav,217388,kosova'da sizin için özel önemi olan bir yer yemek veya hikaye var mı
common_voice_tr_21288249.wav,92204,uzlaşmak istemiyorlar
common_voice_tr_21287899.wav,172844,ödül için tüm dünyadan seksen film yarıştı
common_voice_tr_21288281.wav,203564,kirin gerçekten soruşturma başlattıysa bunu yapma yetkisini nereden aldı
common_voice_tr_21288317.wav,163628,ancak lefkoşe öneriyi kesin bir dille reddetti
common_voice_tr_21288244.wav,159788,amerika'da çok çeşitli filmler var
common_voice_tr_21288303.wav,138284,soruşturma geçen yıl başlatılmıştı
common_voice_tr_21288377.wav,148268,fakat stojarova'nın başka bir önerisi var
common_voice_tr_21288393.wav,138284,eski liderin cezaya itiraz etme hakkı var
common_voice_tr_21288419.wav,149804,etkinliğin ana konusu kategori teorisiydi
common_voice_tr_21288403.wav,132908,pahor bu hareketi eleştirdi
common_voice_tr_21288399.wav,202028,belgrad ve lahey arasındaki işbirliği konusunda ne düşünüyorsunuz
common_voice_tr_19104250.wav,166700,romanya'da faal durumda sadece otuz sinema var
common_voice_tr_21288449.wav,218924,selin kontrol edilememesi ihtimali hakkındaki fikri sorulan cumhurbaşkanı allah korusun dedi
common_voice_tr_19104259.wav,145196,ancak bedel çok daha yüksek olabilir
common_voice_tr_19104261.wav,167468,ordu bin dokuz yüz altmıştan bu yana dört hükümet devirdi
common_voice_tr_19104279.wav,145196,ayrıca basın enformasyonundan da sorumluydu
common_voice_tr_19104270.wav,121388,olayda çevre evler de hasar gördü
common_voice_tr_21288437.wav,111404,kyriakou görev için tek adaydı
common_voice_tr_21288448.wav,215084,bunun kosova'nın tamamını etkileyebilecek bir güvenlik meselesi olarak önemi nedir
common_voice_tr_19104269.wav,101420,bu yıl farklı
common_voice_tr_19104297.wav,104492,ziyaretin amacı neydi
common_voice_tr_19104305.wav,132140,ancak bu seçimlerin ikinci turu olmayacak
common_voice_tr_19104327.wav,122924,hareketle ilgili tartışmalar da çıkmadı değil
common_voice_tr_19104343.wav,170540,mevcut durum bu tür bir güce ihtiyaç duyulmayacak kadar güvenli mi
common_voice_tr_19104341.wav,129836,oda köşedeki televizyon dışında sessiz
common_voice_tr_19104346.wav,162860,uiki bin dokuz yüz doksan yedi yılında saraybosna'da çaldı
common_voice_tr_19104335.wav,119852,görüntü tıpkı bir sirki andırıyor
common_voice_tr_19104344.wav,106028,sekiz yıldır iktidardaydı
common_voice_tr_19104347.wav,128300,bu kararda çeşitli faktörler rol oynadı
common_voice_tr_19104357.wav,97580,savunma en güçlü unsur
common_voice_tr_19104380.wav,143660,toplam bin iki yüz civarında test yapılması bekleniyor
common_voice_tr_19104409.wav,207404,morrisey sonunda birileri şarkılarımın sözlerini biliyor diye bağırdı
common_voice_tr_19104383.wav,165932,yaklaşık kırk milyon seçmen sandık başına gitti
common_voice_tr_19104369.wav,109100,sporcuların antrenörleri de soruşturulacak
common_voice_tr_19104410.wav,119852,sonunda bütün suçlamalar düşürüldü
common_voice_tr_18379772.wav,169004,türkiye'de toplam yirmi sekiz ulusal gazete bulunuyor
common_voice_tr_18379765.wav,163628,kampanya haziran iki bin ona kadar devam edecek
common_voice_tr_18379780.wav,113708,onları yenmek çok önemli olacak
common_voice_tr_18379936.wav,130604,popov neden diye soruyor
common_voice_tr_17793266.wav,96044,aklını kullanmak zorunda kalarak büyümüş
common_voice_tr_17793267.wav,192044,dişil mesleki unvanların gelişi sırbistan'da kadınlara daha fazla eşitlik sağlayacak mı
common_voice_tr_18379899.wav,126764,nuremberg'de de aynen böyle oldu
common_voice_tr_19205838.wav,157484,ancak bayrak pekin'de biraz karışıklığa yol açtı
common_voice_tr_18379852.wav,130604,limaj'a bir ay ev hapsi verildi
common_voice_tr_19205839.wav,94508,seçimlerde on aday yarışacak
common_voice_tr_19205835.wav,130604,kararlı fakat dayatmasız tavrı öfkesini gizliyor
common_voice_tr_19205840.wav,117548,ab misyonu her taraftan baskı altında
common_voice_tr_19205853.wav,126764,katılım yaklaşık yüzde yetmiş oranında gerçekleşti
common_voice_tr_19205852.wav,130604,aşağı trend bu yılın ilk üç ayında da devam etti
common_voice_tr_19205833.wav,111404,muhalefet partileri oylamayı boykot ettiler
common_voice_tr_19205862.wav,103724,malların bir kısmı almanya'ya ulaştı
common_voice_tr_19205873.wav,130604,ülke yerinde politikalar uyguluyor
common_voice_tr_19205858.wav,98348,benim kuşağım kayıp bir kuşak oldu
common_voice_tr_20969908.wav,111404,kosova'nın kuzeyini kim kontrol ediyor
common_voice_tr_19205861.wav,80684,bunda ne kadar ciddiler acaba
common_voice_tr_20969890.wav,129068,hafta sonu ülkeye elli santimetre daha kar yağdı
common_voice_tr_20969892.wav,108332,parlamento bu yasal çarkı destekliyor
common_voice_tr_20969999.wav,83756,proje iki bin yedi başlarında başlayacak
common_voice_tr_20969978.wav,118316,ebeveynler derneğin var olmasından memnunlar
common_voice_tr_20969939.wav,159788,bu rakamın yüzde kırk altı virgül yetmiş dokuzunu kadınlar oluşturuyor
common_voice_tr_20969966.wav,119084,fakat ülkede yeni yıl için pek heves duyulmuyor
common_voice_tr_18351504.wav,195884,merkezin iki bin on iki yılında açılması planlanıyor
common_voice_tr_18351519.wav,115244,dava büyük olasılıkla hırvatistan'da görülecek
common_voice_tr_20970019.wav,77612,turnuva pazar günü sona eriyor
common_voice_tr_20970002.wav,97580,sizin deyiminizle signomi
common_voice_tr_18351503.wav,149804,kotooshu unvanı on üç birlik skorla kazandı
common_voice_tr_18351505.wav,203564,bölgede geleceğe yönelik özelleştirme çalışmaları açısından daha neler yapılması gerekiyor
common_voice_tr_18351578.wav,119084,şirket haftada üç sefer yapmayı planlıyor
common_voice_tr_18351577.wav,98348,adının açıklanmasını da istemiyor
common_voice_tr_18351723.wav,109868,bu açıdan sağlık alanında belirsiz bir fark var
common_voice_tr_18351762.wav,106028,ancak bunu uygulamak daha büyük bir sorun olacak
common_voice_tr_18351777.wav,107564,bu yıl da bir tane düzenlenmesi planlanıyor
common_voice_tr_18351799.wav,94508,yumurta aklarını şekerle karıştırın
common_voice_tr_18351812.wav,142124,makedonya bu yıl otuz adet t yetmiş iki tankı aldı
common_voice_tr_18351780.wav,94508,şimdiki oran yüzde elli iki
common_voice_tr_18351860.wav,88364,brkiç'e göre rekabet artıyor
common_voice_tr_18351816.wav,102188,elde edilen bilgiler halkı şok etti
common_voice_tr_18351846.wav,96044,kötü haberse devlet finansmanı
common_voice_tr_18351908.wav,76844,bir kişi serbest bırakıldı
common_voice_tr_18351845.wav,121388,aktör on iki mart çarşamba günü kanserden ölmüştü
common_voice_tr_18351909.wav,90668,çiftçiler en başta iyimserdiler
common_voice_tr_18351814.wav,99884,dink'in ölümünün etkisi ne oldu
common_voice_tr_18351843.wav,109868,fakat müşteriler durumdan memnun görünüyorlar
common_voice_tr_17415340.wav,113708,plamadeala iki bin beş yılında öldü
common_voice_tr_18351907.wav,98348,arnavutluk'ta ihracat zayıf
common_voice_tr_18351911.wav,80684,geleceği tahmin etmek zor
common_voice_tr_17415336.wav,103724,çift saraybosna'dan karadağ'a geçti
common_voice_tr_17415314.wav,117548,halkın yaklaşık yüzde otuz üçü oy kullanmayacak
common_voice_tr_17415347.wav,119084,tarihi binalar köprüler ve kaleler var
common_voice_tr_17415348.wav,82988,onlar şanslı olanlar
common_voice_tr_17443719.wav,71468,ama yapamaz
common_voice_tr_17443739.wav,103724,toprak kaymaları da oldukça sık yaşanıyor
common_voice_tr_17443716.wav,82988,karadağ da burada bir şans görüyor
common_voice_tr_17443710.wav,126764,taslak onay için parlamentoya gönderilecek
common_voice_tr_17443737.wav,113708,bu itirazlar dışında hükümet başarısından emin
common_voice_tr_17443747.wav,163628,burada da madrid'te olduğu gibi kamuoyunun görüşünün değişmesini mi bekliyorlardı
common_voice_tr_17443768.wav,84524,ancak tek faktör bu değil
common_voice_tr_17443775.wav,80684,bunların on milyon avroluk bir bütçeleri var
common_voice_tr_17443736.wav,161324,televizyondaki her dört sözcükten birisi kriz
common_voice_tr_17443772.wav,94508,hükümet sorunla baş etmek için adımlar atıyor
common_voice_tr_17443784.wav,59948,on iki ülke henüz tanımadı
common_voice_tr_17443743.wav,142124,ancak bu oldukça engebeli bir yol
common_voice_tr_17443794.wav,80684,sergi ocak ayına kadar devam edecek
common_voice_tr_17443769.wav,92204,bu rakamlar belirgin şekilde artabilir
common_voice_tr_17443788.wav,56108,bunlar savaş suçluları
common_voice_tr_17443793.wav,90668,yarışmayı çinli bir öğrenci kazandı
common_voice_tr_17443804.wav,99884,bizim politikamız budur
common_voice_tr_17443811.wav,140588,toplam yatırım bedeli altı virgül beş milyon avroya ulaştı
common_voice_tr_17443800.wav,107564,karşılıklı olarak bayram tebrikleri ediliyor
common_voice_tr_17443809.wav,107564,adaylık ocak ayı sonunda sunulacak
common_voice_tr_17443806.wav,98348,daha sonra bu kişi yemek masasını hazırlar
common_voice_tr_17443829.wav,99884,doğrudan ya da dolaylı olarak hepimizi etkiliyor
common_voice_tr_17443832.wav,90668,bu hiç de haksız bir heveslilik değil
common_voice_tr_17460345.wav,107564,bu harika bir kaçış mekanizması da olur
common_voice_tr_21172921.wav,159788,şeffaflık eksikliği bunu anlamayı zorlaştırıyor
common_voice_tr_17443820.wav,96044,planı yalnızca on dört vekil destekledi
common_voice_tr_17443805.wav,107564,hırsızlar hazır olmayacak bir fidye yolu arıyor
common_voice_tr_21173119.wav,129068,sokaktaysa vatandaş sonuç bekliyor
common_voice_tr_21172965.wav,107564,bana hiçbir yeni öneri getirilmedi
common_voice_tr_21172973.wav,186668,reformlar türkiye'deki siyasi bölünmeden sağ kurtulabilir mi
common_voice_tr_21173121.wav,155948,proje yaklaşık iki yüz bin avroya mal olacak
common_voice_tr_21197490.wav,149804,milletvekili dokunulmazlığı yirmi dört saattir
common_voice_tr_21197653.wav,115244,ancak bu bakanın hoşuna gitmedi
common_voice_tr_21197610.wav,132908,herşeyi barışçıl yollardan çözerdi
common_voice_tr_21197591.wav,107564,bazı tanıklar ifade vermeyi reddetti
common_voice_tr_21173205.wav,106028,üst yönetim seviyesinde fark daha da büyük
common_voice_tr_21197623.wav,86828,ama onlar bunu yapmadı
common_voice_tr_21197673.wav,145964,bize bir amerikan birliğiymişiz gibi davranıyorlar
common_voice_tr_21197681.wav,129068,kentin sokakları iki metre su altında kaldı
common_voice_tr_21197690.wav,241964,sizce sırp ekonomisi en büyük sıkıntıyı yılın hangi döneminde yaşayacak ve neden
common_voice_tr_21235385.wav,121388,yoksa sadece bir mutlak iyimser miyim
common_voice_tr_21235386.wav,117548,ankete toplam bin yüz on beş kişi katıldı
common_voice_tr_21235509.wav,117548,olayların failleri bulunamadı
common_voice_tr_21235349.wav,138284,ancak bu olumlu durum kısa sürede tersine dondu
common_voice_tr_21235343.wav,178988,muhalefet partileri hükümete karşı ciddi bir mücadele ortaya koyabiliyorlar mı
common_voice_tr_17910981.wav,96044,gerçekten de bu süreci hızlandırmak istiyoruz
common_voice_tr_17910998.wav,102188,sendikalar bir dizi grev yapılacağını duyurdu
common_voice_tr_17910982.wav,59948,diğer iki kişi bosnalı
common_voice_tr_17911000.wav,84524,yine de reform çığlıkları giderek büyüdü
common_voice_tr_17911025.wav,71468,bunun hakkında ne düşünüyorsunuz
common_voice_tr_17910999.wav,99884,bu aşamaya gelebilen dava sayısı zaten çok az
common_voice_tr_17911104.wav,115244,ama önce partinin seçimleri kazanması gerekiyor
common_voice_tr_17911140.wav,129068,katılım yüzde altmış iki virgül sekiz oranından gerçekleşti
common_voice_tr_17911114.wav,103724,tüketici kredisi de bu konuda rol oynadı
common_voice_tr_17911141.wav,182828,bu öngörülen yüzde seksen beşlik enflasyon oranını gözden geçirmeyeceğiniz anlamına mı geliyor
common_voice_tr_17911024.wav,98348,festival yirmi iki eylül'e kadar devam edecek
common_voice_tr_17911168.wav,203564,demokrasilerde çare tükenmez ama herşey ulusal temelde bölünecekse seçim yapmanın mantığı ne
common_voice_tr_17911157.wav,49964,her şey çok kaotik
common_voice_tr_17911181.wav,140588,şirket ruhsat için yetmiş bir virgül beş milyon avro ödeyecek
common_voice_tr_17911158.wav,71468,kıbrıs türk kesimi ise evet oyu verdi
common_voice_tr_17911146.wav,69164,fakat sadece reklam yetmiyor
common_voice_tr_17911212.wav,94508,yine tatile çıkıyorlar ama eskisi gibi değil
common_voice_tr_17911200.wav,71468,tek sorun yatırım ve zaman kaybı da değil
common_voice_tr_17911213.wav,61484,sizin bu konuda görüşünüz nedir
common_voice_tr_17911208.wav,92204,kelmendi'nin eşi makbule iyimser görüşe sahip
common_voice_tr_17911207.wav,75308,bosnalı sırp polisi de destek verdi
common_voice_tr_17911183.wav,99884,bazı adaylar tanınmış küresel şirketlerden geldi
common_voice_tr_17911215.wav,92204,ancak ülkenin notları hemen revize edilmeyecek
common_voice_tr_17911227.wav,90668,maç doksan bir yetmiş yedilik skorla bitti
common_voice_tr_21356204.wav,121388,peki bu sorunlarla başa çıkma şansımız nedir
common_voice_tr_17911235.wav,96044,gençliğin uzatılması fenomeni ise hala yaşıyor
common_voice_tr_21383413.wav,107564,ancak mladiç bulunamadı
common_voice_tr_21356203.wav,130604,mekanlardan birinde polis uyuşturucu da buldu
common_voice_tr_21411764.wav,167468,mezarın miken dönemine ait olduğu sanılıyor
common_voice_tr_21411772.wav,119084,sizce bölgede bir istikrar dönemi yaşanacak mı
common_voice_tr_21383411.wav,103724,bazıları bu trende karşı çıkıyor
common_voice_tr_21413315.wav,154412,ülkenin latin alfabesindeki alan adı ise bg
common_voice_tr_21426277.wav,112172,yine de hala büyüme olanağı var
common_voice_tr_21426246.wav,152876,bu oran daha hızlı bir şekilde aşağı çekilmeli
common_voice_tr_21426301.wav,134444,eylül ayı sonunda söz konusu oran yüzde altmış ikiydi
common_voice_tr_21426288.wav,133676,yangında bir itfayecinin yaralandığı bildirildi
common_voice_tr_21426373.wav,102956,geliştirme süreci zaten başlamış durumda
common_voice_tr_21426247.wav,145196,tum bu önerilerin sonucunu zaman gösterecek
common_voice_tr_21426321.wav,112940,konserin tarihi ocak ayı ortasında açıklanacak
common_voice_tr_21426427.wav,109100,dört milletvekili oylamaya katılmadı
common_voice_tr_21426282.wav,175148,liderler devam eden ikili meseleleri görüştüler
common_voice_tr_21426389.wav,114476,durumdan sendikalar da hoşnut değiller
common_voice_tr_21426421.wav,124460,sanader de günün anlam ve önemine dikkat çekti
common_voice_tr_21426405.wav,118316,ancak bütün bu para nerden gelecek
common_voice_tr_21426433.wav,104492,ancak pek çok arnavut bundan şüpheli
common_voice_tr_20262591.wav,125228,bugünse bu rakam beş bin civarında
common_voice_tr_21426432.wav,109868,diğer ülkeler iç ihtiyaçlara odaklanıyor
common_voice_tr_20262597.wav,130604,koleksiyonda yirmi beş seçilmiş eser yer alıyor
common_voice_tr_21426434.wav,130604,kapitalist dünyada rekabet yeni bir kavram değil
common_voice_tr_20262645.wav,178988,davaların çoğunda iddianameler hala bekliyor
common_voice_tr_20262631.wav,111404,umarım çok yakında olur
common_voice_tr_20262659.wav,130604,bunu beğenmeyen istediği yere gidebilir
common_voice_tr_18901424.wav,175148,fakat hala bariz bir ırk ayrımcılığı mevcut
common_voice_tr_20326739.wav,175148,ülkenin başlıca rakibi hırvatistan otuz dört oy aldı
common_voice_tr_20326620.wav,148268,sırada yeni parlamento seçimleri olabilir
common_voice_tr_20262656.wav,140588,bazıları onu kahraman olarak görüyor
common_voice_tr_20262675.wav,138284,ancak güzel günler yakın olabilir
common_voice_tr_20262672.wav,157484,maktouf'un cezası haziran ayında sona erdi
common_voice_tr_20326754.wav,228908,makedon medyasında tek bir şeyi değiştirebilecek olsanız bu ne olurdu
common_voice_tr_20326758.wav,271148,gemi seyahati düzenleyen şirketlerin yeterli rıhtımı bile olmayan bir yeri niçin tercih etsin
common_voice_tr_20326842.wav,176684,sıcaklar dayanılmaz hale geldiğinde onlar nereye gidiyor
common_voice_tr_20326859.wav,129068,ancak hükümet sözünün arkasında duruyor
common_voice_tr_20326612.wav,113708,kuzeyde de durum daha iyi değil
common_voice_tr_20326789.wav,134444,ancak yakında bu durum değişebilir
common_voice_tr_20326868.wav,159788,tabii ki burada olmanın kötü tarafları da vardı
common_voice_tr_20326790.wav,102188,makedonya bir
common_voice_tr_20326759.wav,195884,çoğu zaman karaborsa veya suçla uğraşıyorlar
common_voice_tr_20326860.wav,165164,gözden geçirme sekiz ocak iki bin üçte başlatıldı
common_voice_tr_20326764.wav,130604,üçlü yeni bir çözüm önerdi
common_voice_tr_20326939.wav,142124,peki kampanyanın içeriği tam olarak neydi
common_voice_tr_20326882.wav,125228,ahtisaari bu görüşte değil
common_voice_tr_20326913.wav,155948,korsancılık bir yerde ucuza eğlence demek
common_voice_tr_20326883.wav,119084,bunu sağlayan nedir
common_voice_tr_20326929.wav,140588,buna rağmen sağlanan fayda çok büyük oldu
common_voice_tr_20326937.wav,194348,balkabağına yağ şeker ve biraz da tuz ekleyin
common_voice_tr_20326975.wav,142124,hepsinin de sırp uyruklu olduğu belirtiliyor
common_voice_tr_20326973.wav,265004,mevcut olumlu eğilimler etkin bir sermaye oluşum süreci ile desteklenmeksizin sürdürülebilir mi
common_voice_tr_20326905.wav,117548,bu konudaki görüşleriniz neler
common_voice_tr_17842719.wav,79916,felsefemiz
common_voice_tr_17842758.wav,135212,halk için asıl kriz sosyo ekonomik
common_voice_tr_20326951.wav,126764,yasa henüz gözden geçirilmedi
common_voice_tr_17842732.wav,105260,profesyonel kariyeriniz nasıl başladı
common_voice_tr_17842692.wav,147500,savcılık daha sonra suçlamaları geri almıştı
common_voice_tr_17842790.wav,122156,üç kuruma da danışmadan bir karar verilmemeli
common_voice_tr_20326977.wav,138284,katılım ilk turdan düşük gerçekleşti
common_voice_tr_17842820.wav,86060,bu düşünceler bugün bile tepki alıyor
common_voice_tr_17842872.wav,127532,fakat halk sadece barış istediğini söylüyor
common_voice_tr_17842883.wav,158252,ancak gerekli olan siyasi irade mevcut değildi
common_voice_tr_17842866.wav,115244,böylece insanlarla iletişim kurabildim
common_voice_tr_17842881.wav,112172,bosna'ya dört yıl önce gittim ve çok sevdim
common_voice_tr_17842878.wav,117548,kitap yüzde otuz yabancı dilde basılacak
common_voice_tr_17842876.wav,128300,anlaşmanın değeri beş yüz milyon dolar
common_voice_tr_17842907.wav,105260,uluslararası toplum da saldırıları kınadı
common_voice_tr_17842861.wav,106796,slyivancanin ise hala kayıp
common_voice_tr_17842922.wav,89900,rapor altı ekim'de yayınlanacak
common_voice_tr_17842920.wav,96044,en az altmış kişi hayatını kaybetti
common_voice_tr_17842909.wav,89900,tipik roman yüzü var bende
common_voice_tr_18266723.wav,135212,sorunlu alanlardan birisi belge güvenliği
common_voice_tr_18266721.wav,126764,şikayet iki bin altı yılında sunulmuştu
common_voice_tr_17842888.wav,116012,konsere on binden fazla insan katıldı
common_voice_tr_18266821.wav,144428,jüri ön eleme sonrasında yirmi dört şarkıcı seçecek
common_voice_tr_18266787.wav,88364,tihomir staniç
common_voice_tr_18266778.wav,143660,ülkede iki bin iki yüz elli altı sandık merkezi olacak
common_voice_tr_18266848.wav,120620,bajec dış yatırımın da artacağını söylüyor
common_voice_tr_18266849.wav,136748,fuara yaklaşık on beş sırp şirketi katıldı
common_voice_tr_18278589.wav,91436,başka bir şey daha gördük
common_voice_tr_18278585.wav,122924,hırvatistan'ın da iyimser olmak için nedeni var
common_voice_tr_18266792.wav,112940,washington yardım sözü verdi
common_voice_tr_18266850.wav,105260,oylar teker teker elle sayılacak
common_voice_tr_18278602.wav,102188,bu dallar badnik'te yakılacak
common_voice_tr_18278623.wav,117548,napolyon bin sekiz yüz sekizde buradaymış
common_voice_tr_20304872.wav,156716,sizce bu boykotlar bir sonuç veriyor mu
common_voice_tr_20310707.wav,129836,makedonya başbakanı dublin'i ziyaret etti
common_voice_tr_20310638.wav,125996,süper valiler geri mi geliyor
common_voice_tr_20310695.wav,132908,ada üzerinde her iki ülkenin de çıkarı bulunuyor
common_voice_tr_20310694.wav,208940,projenin tahmini maliyeti dört virgül altı milyar avro
common_voice_tr_20310728.wav,157484,ali'nin özel polis timi üyesi olduğu söyleniyor
common_voice_tr_20310762.wav,159020,askerler en fazla şiddeti sınırlayabilirler
common_voice_tr_20310758.wav,114476,artık çok kaliteli gazeteciler var
common_voice_tr_20310749.wav,121388,ancak herkes bu kadar hevesli değildi
common_voice_tr_20310807.wav,138284,lukiç lahey'e iadesine karşı çıkmadı
common_voice_tr_20310784.wav,156716,fakat bunun olacağına herkes inanmıyor
common_voice_tr_20310759.wav,153644,para bütün bölgesel yönetmenlerin ortak sorunu
common_voice_tr_20310878.wav,126764,anlaşmadan türkiye de kazançlı çıkıyor
common_voice_tr_20310808.wav,136748,sizce bunlar yerinde endişeler mi
common_voice_tr_20310882.wav,206636,ayrıca gerçek etnik köklerimizin arkasında saklanırsak önyargıyla nasıl savaşırız
common_voice_tr_20310930.wav,142124,belediye sınırları dahilinde on altı köy var
common_voice_tr_20310956.wav,144428,fikirler bol olsa da kaynaklar kısıtlı
common_voice_tr_20310970.wav,138284,geçen yılki rekor rusya'ya aitti
common_voice_tr_20310929.wav,176684,merkezin iki bin sekiz sonuna kadar açılması bekleniyor
common_voice_tr_20310899.wav,141356,etkinlik haziran ayına kadar devam edecek
common_voice_tr_20310988.wav,182060,peki sosyalistlerin en son önerisi çıkmaza son verebilecek mi
common_voice_tr_20310973.wav,122924,kosova'da en sevdiğim yiyecek mi
common_voice_tr_20310889.wav,132908,bu işleri mahkemelere bırakalım
common_voice_tr_20311046.wav,149036,komite'nin bu konuya ilişkin görüşleri ne yönde
common_voice_tr_20311091.wav,154412,balkanlar'da uyuşturucuyla mücadele beşlisi mi
common_voice_tr_20311089.wav,110636,neden olduğu umurumda değil
common_voice_tr_19477437.wav,109868,en zengin siyasi sicile ivaniç sahip
common_voice_tr_19477452.wav,104492,festival yirmi sekiz nisan'a kadar devam edecek
common_voice_tr_19477472.wav,116012,gasiç ailesi kalmaya karar verenlerden
common_voice_tr_19477441.wav,83756,adeta küçük bir kasabayı andırır
common_voice_tr_19477332.wav,112940,fon modernizasyonun finansmanında kullanılacak
common_voice_tr_19477488.wav,89900,kimliği belirsiz bir kurban da anılıyor
common_voice_tr_19477519.wav,106796,bizim kendimize bakmamız lazımdır
common_voice_tr_19477482.wav,105260,bankadan alınacak yardım üç alanda yoğunlaşacak
common_voice_tr_19477493.wav,79148,soruşturma sekiz ay sürdü
common_voice_tr_19477567.wav,101420,çok sayıda mimar da yıkım önerisini eleştirdi
common_voice_tr_19477591.wav,105260,bundan aşağısı ise hayal kırıklığı demek olacak
common_voice_tr_19477479.wav,109100,bulgaristan iki boru hattı projesinde yer alıyor
common_voice_tr_19477592.wav,126764,şu anda makedonya'nın cezaevi nüfusu iki bin iki yüz
common_voice_tr_19477610.wav,92972,bu bizim için bir meydan okumaydı
common_voice_tr_19477604.wav,92972,yemek alanı sokak lambalarıyla aydınlatıldı
common_voice_tr_19477596.wav,104492,fabrikanın yedi yüz kişiye iş sağlaması bekleniyor
common_voice_tr_19477617.wav,121388,organize suç siyaseti ve basını kirletiyor
common_voice_tr_18372545.wav,147500,bu bağımsız ama mesajı olan bir film
common_voice_tr_19477635.wav,193580,yeni ve modern gümrük yasası sırbistan'da yolsuzluğu önleyip normal ticareti tesis edebilecek mi
common_voice_tr_19477641.wav,109100,elbette ki her duyduğunuza inanamazsınız
common_voice_tr_18372549.wav,138284,değişmesini istediğiniz şeyler neler
common_voice_tr_18376834.wav,122156,oylamaya on yedi milletvekili katılmadı
common_voice_tr_18376843.wav,129068,reform süreçlerinin hızından memnun musunuz
common_voice_tr_18376824.wav,130604,bu yılki etkinliğin onur konuğu mısır idi
common_voice_tr_18376835.wav,99884,yabancı dil eğitimi getirilmeli
common_voice_tr_18376848.wav,69932,nerede
common_voice_tr_18376850.wav,152108,bu engelleri aşmada ne gibi bir plan uygulanacak
common_voice_tr_18372548.wav,172076,bu erteleme için bir somut gerekçe gösterilmedi
common_voice_tr_18376872.wav,129068,bu saldırıyla uğraşacak zamanları olmalı
common_voice_tr_18376939.wav,139052,simitis de bu ihtiyacı hissettiğini söylüyor
common_voice_tr_18376866.wav,202796,bu misyonlarda yer almak makedonya'ya nasıl bir deneyim ve kazanım sağladı
common_voice_tr_18376891.wav,135980,aleksiç'i dipçikleriyle dövmeye başladılar
common_voice_tr_18376969.wav,161324,bu da rekabetçiliği ve istihdamı olumsuz etkiler
common_voice_tr_18376949.wav,150572,kurti ve örgütün diğer üyeleri gözaltına alındı
common_voice_tr_18376993.wav,143660,burada da yaklaşık yüz yirmi beş bin avro toplandı
common_voice_tr_18376968.wav,128300,papademos zorlukları kabul ediyor
common_voice_tr_18377257.wav,153644,fakat avrupa kamuoyu buna ikna oldu mu
common_voice_tr_18377249.wav,89132,korg
common_voice_tr_18377041.wav,127532,hırvat tarımı ayakta kalabilecek mi
common_voice_tr_18377258.wav,193580,buna harcanan paraya değer kriz ne kadar büyük olursa olsun
common_voice_tr_18377260.wav,150572,deniz güvenliğini sağlayıcı önlemler de alındı
common_voice_tr_18377246.wav,119084,azınlıklara özel bir saygı gösterecektir
common_voice_tr_18377283.wav,124460,sonuç olarak bir de iftirayla suçlandılar
common_voice_tr_18377284.wav,125996,grup biraz dil engeliyle karşı karşıya
common_voice_tr_18377286.wav,140588,sorun kamuoyunda tartışmalara yol açtı
common_voice_tr_18377289.wav,108332,olaylarda yaralanma bildirilmedi
common_voice_tr_18377314.wav,116780,bu önemsiz bir sorun sayılmaz
common_voice_tr_18377287.wav,96044,yatırımcılar bunu bekliyor
common_voice_tr_18377294.wav,138284,zamanın hepimizin lehine işlediğine de eminim
common_voice_tr_18377282.wav,147500,örneğin uluslararası güçler ne zamandır kıbrıs'da bulunuyor
common_voice_tr_18377310.wav,121388,ve bu borçları bile ödemesi zor olacak
common_voice_tr_18377292.wav,146732,her türlü yatırım için en önemli ön koşul bu
common_voice_tr_19190265.wav,176684,bunun sırbistan açısından anlamı yüzde on daha yüksek bir enflasyon mu
common_voice_tr_19190269.wav,161324,ülkenin hala devlet amblemi ve ulusal marşı yok
common_voice_tr_19190283.wav,194348,peki polis reformunun gerçekleştirilmemesi kimin için faydalı olacak
common_voice_tr_18377312.wav,136748,kararın kosova'daki yansımaları ne oldu
common_voice_tr_19190286.wav,134444,makedonya'nın prilep kentinde düzenlenen otuz dört
common_voice_tr_19190279.wav,155948,şimdiye kadar yerine getirilen ve getirilmeyen koşullar neler
common_voice_tr_19190285.wav,107564,teller mart ayı başlarında kaldırılacak
common_voice_tr_19190292.wav,125228,hasta antibiyotik ve vitamin tedavisi görüyor
common_voice_tr_19190326.wav,157484,şirket cosmote'nin yüzde altmış altı virgül elli dördüne sahip oldu
common_voice_tr_19190324.wav,119084,o zamandan bu yana bin engelli iş buldu
common_voice_tr_19190337.wav,92204,gora yaşamak için kolay bir yer değil
common_voice_tr_19190332.wav,102188,nasıl bir makedonya düşünüyorsunuz
common_voice_tr_19190305.wav,115244,bizi bilgilendirmek zorunda değiller
common_voice_tr_19190340.wav,165164,dementieva maçı yedi altı ve üç sıfır önde götürüyordu
common_voice_tr_19190363.wav,122924,hırvat medyası da bize destek ve yer veriyor
common_voice_tr_19190356.wav,103724,sadece bir kişi kurtulmayı başarmıştı
common_voice_tr_19190364.wav,109868,adamlardan biri helikopterin dışına fırlamıştı
common_voice_tr_19190365.wav,121388,arnavutluk'ta üç virgül altı milyon kişi yaşıyor
common_voice_tr_19190341.wav,73004,sizce dink neden öldürüldü
common_voice_tr_19190390.wav,122924,bunların arasında üç de kadın polis bulunuyor
common_voice_tr_19190423.wav,134444,peki bu durumda biz avrupa modeline göre hangi noktadayız
common_voice_tr_19190409.wav,115244,sanader artık siyasete girmediğini de vurguladı
common_voice_tr_19190372.wav,96044,peki bu kayıtsızlığın sebebi ne
common_voice_tr_19190462.wav,103724,bisiklet adalar için de ideal bir araç
common_voice_tr_19190451.wav,148268,önceki net asgari ücret yüz altmış yedi virgül yetmiş dokuz avro idi
common_voice_tr_19190414.wav,106028,sizce yeni gerginlikler ortaya çıkabilir mi
common_voice_tr_19190546.wav,153644,yolunda nasıl donuk ve acı sözlerime sağır hale geldin
common_voice_tr_19190456.wav,113708,hükümet satış için başka bir neden daha sunuyor
common_voice_tr_19190544.wav,94508,birlik yerine ayrılık görüyoruz
common_voice_tr_19192919.wav,107564,ak projeye bir milyon avro sağlayacak
common_voice_tr_19648405.wav,176684,bu yılki fuarda yirmi beş binden fazla kitap tanıtıldı
common_voice_tr_19648406.wav,172076,bu sandık merkezleri ikinci turda açık olacak
common_voice_tr_19648439.wav,155180,bu teklifleri hangi koşullarda kabul edersiniz
common_voice_tr_19648523.wav,116780,zagrep lego'ları sevdi
common_voice_tr_19190542.wav,122924,bu ifade de davanın dönüm noktası oldu
common_voice_tr_19648782.wav,92204,bir çok şey yapılabilir
common_voice_tr_19648546.wav,132140,fakat yasayı değiştirmekle herşey hallolmuyor
common_voice_tr_19648636.wav,122156,onun görevi kültürel çeşitliliktir
common_voice_tr_19648638.wav,133676,tek bir kart hepsinin kapılarını açıyor
common_voice_tr_19648781.wav,134444,turistlerin büyük kısmı kosova'dan geliyor
common_voice_tr_19648408.wav,163628,bu miktarın yaklaşık dokuz bin sekiz yüz tonu ihtiyaç fazlası
common_voice_tr_19649872.wav,129836,anıtın yeri henüz belirlenmiş değil
common_voice_tr_19649873.wav,111404,zanlıların hepsi de trabzonlu
common_voice_tr_19650075.wav,127532,çok sıfırlı rakamlar kafa karıştırıcı olabiliyor
common_voice_tr_19648548.wav,103724,erdoğan'ın eşi de türban takıyor
common_voice_tr_19650223.wav,128300,çalışmaya sekiz ülkeden on sekiz bilim insanı katıldı
common_voice_tr_19649983.wav,231212,sizce bu uygulama onaylansaydı seçim sonuçlarının güvenilirliğini etkiler miydi
common_voice_tr_19649980.wav,112940,pisari uyarıyı duymadı
common_voice_tr_19650267.wav,185900,ley on bir aralık'ta iki virgül beş bin dokuz yüz elli dokuzdan işlem gördü
common_voice_tr_19650219.wav,157484,söz konusu vergi yüzde ondan yüzde on beşe yükseltilecek
common_voice_tr_19650270.wav,140588,balkanlar'da da bu daha az geçerli değil
common_voice_tr_19650383.wav,95276,zanlı hala yakalanamadı
common_voice_tr_19650379.wav,107564,yapılacak çok şey var
common_voice_tr_19650510.wav,145196,madde doğal uranyumun yüzde birden azını oluşturuyor
common_voice_tr_19650469.wav,120620,papadoniou belli bir koşul önermedi
common_voice_tr_19650513.wav,116012,fakat bu kez protestolar olaysız geçti
common_voice_tr_19650585.wav,126764,eski kent dubrovniğin etrafındaki duvar
common_voice_tr_19650718.wav,108332,zengin ve ünlü olmaya çalışmıyoruz
common_voice_tr_19650640.wav,97580,failler hala yakalanamadı
common_voice_tr_19650823.wav,132908,seçmenler yine kendisine karşı oy versinler diye mi
common_voice_tr_19650774.wav,183596,sırbistan'ın sancak'taki savaşan partileri müzakerelerle birleşebilir mi
common_voice_tr_19650802.wav,86828,hukukun üstünlüğü
common_voice_tr_19650673.wav,119852,mülteciler ise çok nadiren türkçe konuşuyorlar
common_voice_tr_19650878.wav,103724,sürecin aylarca sürmesi bekleniyor
common_voice_tr_19651004.wav,98348,buna karşı olan var mı
common_voice_tr_17415907.wav,109868,yerleşim birimi derhal karantinaya alındı
common_voice_tr_19650957.wav,114476,oysa o bundan çok daha fazlasıdır
common_voice_tr_17416041.wav,107564,satış bedeli yüz yirmi milyon avro oldu
common_voice_tr_17415979.wav,145964,yeni işler üç ila on bir aylık süreleri kapsıyor
common_voice_tr_19651051.wav,150572,fakat mahallede hiçbir kültür mekanı yoktu
common_voice_tr_17416039.wav,111404,reform finansal açıdan da faydalı
common_voice_tr_17416162.wav,122924,kampanyası kapsamında eğitim kursları düzenlendi
common_voice_tr_17416161.wav,107564,çok çalıştım ve babamdan da büyük destek gördüm
common_voice_tr_17427037.wav,102188,görüşülen kişilerin hepsi öğrenciydi
common_voice_tr_17416229.wav,117548,ancak gruevski iki öneriyi geri çevirdi
common_voice_tr_17427045.wav,130604,mimosa hasanramaj ise daha ihtiyatlı
common_voice_tr_17427035.wav,107564,kesin sonuçlar otuz gün içinde açıklanacak
common_voice_tr_17416043.wav,121388,projeye iki bin on yılında başlanması planlanıyor
common_voice_tr_17416172.wav,102188,girişim bir halk hareketine de yol açtı
common_voice_tr_17427049.wav,145964,peki yeni bir karışıklığın kapıda olduğunu gösteren işaretler var mı
common_voice_tr_17427060.wav,125228,aralık bin dokuz yüz doksan üçe kadar bu görevde kaldı
common_voice_tr_17427064.wav,119084,bu yıl ilk defa pasif seçmen kaydı uygulandı
common_voice_tr_17416231.wav,192044,bir ekonomi salt kimi kurumları taklit etmeye çalışarak ileri düzeylere sıçrayabilir mi
common_voice_tr_17427078.wav,67628,şikayet edemem doğrusu
common_voice_tr_17427131.wav,82988,ancak muhalefet aynı fikirde değil
common_voice_tr_17427130.wav,90668,yalnızca sol ön kolu kayıp
common_voice_tr_17427132.wav,65324,mali bilgi verilmedi
common_voice_tr_17427178.wav,61484,bu olay bir ilk mi
common_voice_tr_17427167.wav,186668,sizce söz konusu toplumlar arası ilişkilerde hangi alanlarda gelişme sağlanmalı
common_voice_tr_17427144.wav,111404,bilim eziyet verici olmaktan çok eğlenceliydi
common_voice_tr_17427269.wav,69164,umarız boğa olmayız
common_voice_tr_17427248.wav,80684,bunlar en büyükleri
common_voice_tr_17427245.wav,148268,etkinliğe yirmi dört ülkeden toplam kırk sekiz dansçı katıldı
common_voice_tr_17427289.wav,80684,güvenlik tedbirleri
common_voice_tr_17427247.wav,106028,ardından kilisede evlenme töreni yapılıyor
common_voice_tr_17427305.wav,71468,bunu kim ister
common_voice_tr_17427328.wav,96044,bugüne kadar gelen tepkiler karışık oldu
common_voice_tr_17427332.wav,115244,başka kaynaklardan da eleştiriler gelmedi değil
common_voice_tr_17427326.wav,84524,günümüzde avukat olmak zor
common_voice_tr_17427333.wav,111404,bu rakamlar geçen yılki rakamların iki katı
common_voice_tr_17427340.wav,125228,romanya beş milyar avroluk ilk dilimi hemen aldı
common_voice_tr_21317785.wav,103724,bu onların hayatta kalma stratejisi
common_voice_tr_17427348.wav,102188,fakat uzmanlar buna değeceğini söylüyorlar
common_voice_tr_21317814.wav,106028,son olaylar endişe seviyesini yükseltti
common_voice_tr_21317815.wav,103724,kurumlar vergisi de yüzde ona indirilecek
common_voice_tr_17427306.wav,107564,gelişmeye ve yeni şeyler sunmaya yetmiyor
common_voice_tr_21317831.wav,86828,kulüplerde oynayamıyoruz
common_voice_tr_17427383.wav,82988,bir sürü yerde indirim hakları vardı
common_voice_tr_21317872.wav,144428,ekonomik ya da daha farklı engellemeler olmasını bekliyor musunuz
common_voice_tr_21317835.wav,90668,belge ekim ayında yürürlüğe girecek
common_voice_tr_21317901.wav,80684,para iki dilim halinde verilecek
common_voice_tr_21317949.wav,90668,artık işler hızla değişiyor
common_voice_tr_21317984.wav,122924,bu esirler de kamenica kampına gönderildiler
common_voice_tr_21318032.wav,76844,yeni arkadaşlar ediniyoruz
common_voice_tr_21318009.wav,138284,peki eğitim devlet okullarından verilen eğitimden daha mı iyi
common_voice_tr_21318025.wav,113708,bu programlardaki durumlar sahte
common_voice_tr_21341346.wav,122924,sizin bir tarihiniz bir geleneğiniz var
common_voice_tr_21342069.wav,103724,gazeteler için de aynı durum söz konusu
common_voice_tr_21342075.wav,119084,bir diğer engel de tasfiye sürecinin yavaşlığı
common_voice_tr_21318061.wav,130604,peki bu durumda kosova'nın ekonomisini düzeltme ihtimali nedir
common_voice_tr_21342159.wav,92204,bu da son derece gurur duyduğum bir şey
common_voice_tr_21342111.wav,113708,davetler kesin üyelik anlamına gelmeyecek
common_voice_tr_21342065.wav,109868,yıl sonuna kadar kıbrıs'ta çözüm mümkün mü
common_voice_tr_21342158.wav,79148,herşeyi kendim yaptım
common_voice_tr_21342182.wav,109868,bizim ülkemizdeyse tam tersi şekilde başladı
common_voice_tr_21342053.wav,119084,böyle bir durumda çok fazla seçeneğiniz olmuyor
common_voice_tr_21342162.wav,109868,posavina hırvatlarının sayısı azalıyor
common_voice_tr_17348348.wav,115244,yine de iki polis memuru hafif yaralandı
common_voice_tr_17348344.wav,119084,maaşımız mı artacak daha fazla mı iş olacak
common_voice_tr_17348418.wav,115244,bu da çok daha fazla ortak çaba gerektiriyor
common_voice_tr_17348449.wav,107564,peki türkiye'nin çabaları sonuç veriyor mu
common_voice_tr_17348439.wav,102188,şirket bitmiş ürünlerini satmakta başarılı
common_voice_tr_17348498.wav,102188,tutuklananlardan biri çeçen uyruklu
common_voice_tr_17348534.wav,122924,gönüllüler aynı zamanda islamci misyonerlerdi
common_voice_tr_17348557.wav,79148,bu konuda bir yorumunuz var mı
common_voice_tr_17348591.wav,96044,kimsenin maaşlardan haber verdiği yok
common_voice_tr_17348556.wav,98348,basescu da benzer sözler sözledi
common_voice_tr_17348601.wav,115244,bu ülkede her şey her geçen gün pahalılanıyor
common_voice_tr_17348566.wav,76844,hırvatistan'a özgürlüğünü kazandırdı
common_voice_tr_17348613.wav,98348,bu beklemediğimiz bir dış müdahaledir
common_voice_tr_17348649.wav,80684,tüm bunlar çok olumlu gelişmeler
common_voice_tr_17348619.wav,99884,bu ülke romanya'daki en büyük yatırımcıdır
common_voice_tr_17348663.wav,129068,zafer rusya'ya karşı oynanan karşılaşmada geldi
common_voice_tr_17348655.wav,86828,ancak süreç ekim ayında iptal edildi
common_voice_tr_17348659.wav,90668,bunlar yalnızca benim başıma gelmiyor
common_voice_tr_17348674.wav,109868,vetevendosje kararı imzalamayı reddetti
common_voice_tr_17348698.wav,102188,havayolu şirketi haftada dört sefer yapacak
common_voice_tr_17348679.wav,88364,müzakereler bir yıl önce başlatıldı
common_voice_tr_21414644.wav,109868,seçimler on yedi kasım'da yapıldı
common_voice_tr_17348733.wav,136748,hükümetin bu ekonomik sorunların çözümüne yönelik etkin bir planı var mı
common_voice_tr_21445841.wav,98348,görüşmelerde ekonomik işbirliği ele alındı
common_voice_tr_21433311.wav,122924,başkent fira bir tepenin üzerinde yer alıyor
common_voice_tr_17348749.wav,98348,arnavutluk'ta turizm hala emekleme döneminde
common_voice_tr_21445843.wav,99884,fakat seyirci sözleri unutmamıştı
common_voice_tr_21450769.wav,102188,buna karşılık hediye veya rüşvet kabul etmeyecek
common_voice_tr_17348762.wav,148268,fakat gıpta etmek için çok daha iyi nedenler var
common_voice_tr_17348759.wav,223532,dünya ekonomisinde kamu mallarının üretiminden kim sorumlu
common_voice_tr_21433523.wav,79148,buna yanıtınız nedir
common_voice_tr_21454261.wav,126764,makedonya'nın isim müzakerelerinde yeni bir momentum mu
common_voice_tr_21450819.wav,175148,birlik tamir edilemeyecek bir hasar olmadan değişken geometriyi ne derecede taşıyabilir
common_voice_tr_17348777.wav,94508,bu onların hakkıdır
common_voice_tr_21454238.wav,99884,bu blok içinde bölünmelere yol açabilir
common_voice_tr_17348792.wav,122924,eğitime elbette daha fazla yatırım yapılmalı
common_voice_tr_17348778.wav,135980,ancak başbakanın beklediği şekilde değil
common_voice_tr_17348801.wav,96044,gece hayatı büyüleyiciydi
common_voice_tr_17348795.wav,156716,söz konusu tarafa mensup olmaktan dolayı bir sorun yaşıyor musunuz
common_voice_tr_17348817.wav,137516,bu hükümetin projeye ikinci destek verişi
common_voice_tr_17348820.wav,130604,kamu istihsalleri de sorun olmaya devam ediyor
common_voice_tr_17348821.wav,133676,gündemdeki diğer bir madde de kıbrıs sorunu
common_voice_tr_17348827.wav,108332,sırbistan nükleer enerjiye hazır mı
common_voice_tr_17348845.wav,137516,fonlar beş türk bankası kanalıyla verilecek
common_voice_tr_17348868.wav,130604,siz bu soruna nasıl bir nihai çözüm öngörüyorsunuz
common_voice_tr_17348847.wav,130604,berişa rama'ya önerisini inceleyeceğini söyledi
common_voice_tr_17348819.wav,88364,edi rama da aynı fikirde
common_voice_tr_17348875.wav,135212,fakat bu başarı tasovac'ı memnun etmeye yetmiyor
common_voice_tr_17348935.wav,76076,vergi toplamıyorlar
common_voice_tr_17348947.wav,96044,o zaman sahneye yeni adaylar da çıkabilecek
common_voice_tr_17348958.wav,131372,bulguların toplam ağırlığı dört tonu buluyor
common_voice_tr_17349494.wav,165164,obrija ailesinin babası olayda hayatını kaybetti
common_voice_tr_17349499.wav,113708,tava dolana kadar bu işleme devam edin
common_voice_tr_17349520.wav,152876,yazar bir hükümet istediğimizden emin miyiz diye soruyor
common_voice_tr_17349552.wav,104492,projenin iki yıl içinde tamamlanması bekleniyor
common_voice_tr_17349537.wav,123692,bu arada meşru sektörler de zarara uğruyor
common_voice_tr_17350538.wav,106796,bu kentsel alanlar için sorun değil
common_voice_tr_17350542.wav,96044,devlet sübvansiyonları da azaltılacak
common_voice_tr_17349559.wav,91436,bu sırbistan'ın ilk maç günüydü
common_voice_tr_17349533.wav,101420,risk altındaki tek sektör turizm değil
common_voice_tr_20545859.wav,142892,birliğin ülkede iki ay kalacağı bildirildi
common_voice_tr_17350558.wav,106028,bu hafta için yeni grevler planlanıyor
common_voice_tr_20552775.wav,130604,anlaşma olumsuzluklar olmadan gerçekleşmedi
common_voice_tr_20552768.wav,122924,ve bayrami zamanın tükendiğini biliyor
common_voice_tr_20552938.wav,119084,bütün bu süreçleri de belgelemek zorundalar
common_voice_tr_17350545.wav,99116,makedonya ile olan ilişkileriniz ne durumda
common_voice_tr_20552805.wav,107564,ve sadece kürtçe söyleniyor
common_voice_tr_20553058.wav,145964,ancak bölge bazı ciddi sorunlarla hala uğraşıyor
common_voice_tr_20553001.wav,107564,oktar'ın karara itiraz hakkı bulunuyor
common_voice_tr_20553175.wav,106796,fakat yine de bu işe bir şans vermiş
common_voice_tr_20553130.wav,120620,bu toplumumuzdaki durumun bir yansıması idi
common_voice_tr_20553296.wav,97580,bu iş artık kalıplaşmış durumda
common_voice_tr_20553281.wav,135212,medya toplumlar arası diyalogu ilerletmek için ne yapabilir
common_voice_tr_20553372.wav,110636,fakat artık isim ikincil bir rol alıyor
common_voice_tr_20553230.wav,97580,ne demek istediklerini anlıyordum
common_voice_tr_20553484.wav,104492,her iki krediye devlet garantörlük edecek
common_voice_tr_20553348.wav,100652,kilise ihtilafta yıkılmıştı
common_voice_tr_20553488.wav,73772,bu deliği de tıkadılar
common_voice_tr_20553433.wav,100652,şirket haftada dört sefer yapacak
common_voice_tr_20553395.wav,87596,bu yorumunuzla neyi kastettiniz
common_voice_tr_20553574.wav,124460,mimari on dokuz yüzyıl sonlarına oldukça benziyor
common_voice_tr_20553597.wav,114476,ülkedeki son seçim kampanyası oldukça sönüktü
common_voice_tr_20553497.wav,109100,ama yenilmedik diz çökmedik ve ezilmedik
common_voice_tr_20553534.wav,182828,kalabalıktan birisi hiçbir açıklamada bulunmayacaklar yorum yok açıklamasını yaptı
common_voice_tr_20553696.wav,106796,dünya kupası'ndan büyük kariyerler başlamıştır
common_voice_tr_20553536.wav,118316,tutuklanan on bir kişinin sekizi hırvat uyrukluydu
common_voice_tr_20553599.wav,111404,avusturyalı memur ise evde tedavi ediliyor
common_voice_tr_20558558.wav,106796,halkın büyük bölümü de aynı görüşte
common_voice_tr_20553690.wav,99884,bu yılki festivale kırk dokuz film katıldı
common_voice_tr_20558554.wav,129836,arsa yaklaşık yedi milyon avroya satılacak
common_voice_tr_20553706.wav,110636,bu hat başkent lefkoşe'yi de ikiye bölüyor
common_voice_tr_20558556.wav,125228,bulgar yetkililer kararları hemen kınadılar
common_voice_tr_20558555.wav,120620,üretime yıl sonunda başlanması planlanıyor
common_voice_tr_20558642.wav,124460,bunda soğuk havanın da etkisi olmuş olabilir
common_voice_tr_20558736.wav,119084,hapis cezamı parayla ödemeyi düşünüyorum
common_voice_tr_20558684.wav,116012,para enerji ithalatına harcanacak
common_voice_tr_21623325.wav,200492,mallarınızı düşük fiyata mı satmak daha iyi yoksa iflas etmek mi diye soruyor
common_voice_tr_21623943.wav,106028,bazı dış yatırımlar da zarar gördü
common_voice_tr_21623916.wav,150572,panelistler geriye yapılacak ne kaldı sorusunu sordular
common_voice_tr_20558752.wav,147500,makedonya toplam altı virgül otuz üç puan aldı
common_voice_tr_20558660.wav,113708,ancak yetkililer bu olasılığı dışlıyor
common_voice_tr_21624009.wav,125228,tutuklanan doktorların sayısı her hafta artıyor
common_voice_tr_21623643.wav,117548,maniou kasım ayında on altı yaşına girecek
common_voice_tr_21624191.wav,112172,mevcut kadronun yaş ortalaması otuzun altında
common_voice_tr_21624207.wav,142124,bu noktada kültürler arasında bir savaş olduğunu söyleyebilir miyiz
common_voice_tr_21624010.wav,149036,hırvatistan ise botswana ile birlikte yetmiş sekizinci oldu
common_voice_tr_18355106.wav,145964,şu anda mecliste oylanmayı bekliyor
common_voice_tr_21624085.wav,130604,osmanov yetmiş dört kilo serbest stilde güreşecek
common_voice_tr_18355225.wav,186668,turnuvaya kırk bir ülkeden toplam üç yüz yetmiş sporcu katıldı
common_voice_tr_18355299.wav,115244,sırbistan benzin ithal etmiyor
common_voice_tr_18355238.wav,145964,anlaşmanın son imzalanma tarihiyse bir temmuz
common_voice_tr_18355258.wav,111404,veles makedonya
common_voice_tr_18355235.wav,163628,komşu makedonya'da bu rakam beş kat daha yüksek
common_voice_tr_21624156.wav,93740,yapabileceklerine inanıyorum
common_voice_tr_18355304.wav,102188,evler kiralığa çıkarılıyor
common_voice_tr_18355293.wav,165164,yarışmacılar aylardır şarkılarını tanıtıyorlar
common_voice_tr_18355298.wav,142124,teklif süresi kırk sekiz gün içinde sona eriyor
common_voice_tr_18355246.wav,163628,havaalanı bin dokuz yüz doksan altıda sivil uçuşa açılmıştı
common_voice_tr_18355360.wav,102188,o zaman her şey berbat oldu
common_voice_tr_18359782.wav,140588,planda itiraz ettiğiniz temel noktalar neler
common_voice_tr_18393312.wav,142124,savaşta çocukları korumayı düşünen pek yoktu
common_voice_tr_18355327.wav,163628,dilekçeye beş bin civarında imza toplandı
common_voice_tr_18520125.wav,103724,resmi adım haziran ayı sonunda atılacak
common_voice_tr_18520050.wav,117548,ortalama fatura iki yüz avroyu buluyor
common_voice_tr_18520140.wav,102188,sizce ne zaman yapılmalılar
common_voice_tr_19820836.wav,92204,tarih tekerrür edebilir mi
common_voice_tr_18520168.wav,99884,küresel kriz kapıda mı
common_voice_tr_19820892.wav,123692,söz konusu ikinci özellik ise kitlesel göç
common_voice_tr_19820900.wav,154412,krstiç şu anda kırk altı yıllık hapis cezasını çekmekte
common_voice_tr_18520240.wav,115244,diğerleri ise çeşitli azınlıklara ayrılacak
common_voice_tr_18520249.wav,122924,sivil can kaybı sayısı da tartışmalı
common_voice_tr_19820920.wav,76844,çiftlikteki bahçe
common_voice_tr_19820937.wav,128300,görüşmelerde ikili işbirliği üzerinde duruldu
common_voice_tr_19820968.wav,116012,sırbistan kosova meclisini feshetti
common_voice_tr_19820858.wav,125996,ancak vuciniç'e göre bu suçlamalar asılsız
common_voice_tr_19820924.wav,122924,grupta üçüncü sırada sırbistan yedi
common_voice_tr_19820902.wav,107564,fakat asla sakin olamıyorsunuz
common_voice_tr_19820974.wav,125228,yasak önümüzdeki üç ay boyunca geçerli olacak
common_voice_tr_19821108.wav,111404,sistemi çok partili bir sisteme değiştiriyoruz
common_voice_tr_19821129.wav,78380,polis saldırganları arıyor
common_voice_tr_19821105.wav,92204,tek sorun rekabetin giderek artması
common_voice_tr_19820909.wav,114476,bu yüzden bu ülkeler birlikte sıralanıyor
common_voice_tr_19821128.wav,125228,aynı proje iki bin altı yılında belgrad'da da başlayacak
common_voice_tr_19821144.wav,124460,değişiklik bir nisan itibarıyla yürürlüğe girdi
common_voice_tr_19821121.wav,108332,ancak belgrad makamları isyan halindeler
common_voice_tr_19821085.wav,98348,bosna hersek daha da bölünecek mi
common_voice_tr_19821102.wav,127532,şimdi ise her düzeyde tam bir dönüşüm gerekiyor
common_voice_tr_19821148.wav,103724,sonunda kendisini güvende hissetmeye başlamış
common_voice_tr_19821158.wav,102956,politika hedeflerinin iki yönü dikkat çekiyor
common_voice_tr_19821151.wav,103724,gazete körler alfabesinde basılıyor
common_voice_tr_19821152.wav,99884,ancak bütün işletmeler zor durumda değil
common_voice_tr_19821164.wav,89900,kamuoyu denktaş'a karşı
common_voice_tr_19821154.wav,114476,türk takımı yarı finalde sırbistan'ı yenmişti
common_voice_tr_19821180.wav,131372,aylık ücretler yüz otuz bir avro civarrında kaldı
common_voice_tr_19821212.wav,119084,etkinlikte dokuz ülkeden otuz ekip biraraya geldi
common_voice_tr_19821219.wav,92204,bu da fiyatarda düşüşe yol açacak
common_voice_tr_19821299.wav,131372,geçen yılsa bu rakam beş yüz on milyon avro idi
common_voice_tr_19821398.wav,89900,bu plan yakında hayata geçmeli
common_voice_tr_19821316.wav,102956,askerler gün boyunca görev yerlerinde kaldılar
common_voice_tr_19821329.wav,109868,kongreye on yedi ülkeden katılımcılar katıldı
common_voice_tr_19821328.wav,109100,sahnede çalışırken hep birlikte gülüp eğlenmemiz
common_voice_tr_19583447.wav,97580,bu bir başlangıç olacak
common_voice_tr_19583343.wav,120620,proje yaklaşık altı yüz yeni iş yaratacak
common_voice_tr_19821391.wav,132908,sizce bu durum kosova'da istikrarsızlık yaratıyor mu
common_voice_tr_19583451.wav,168236,nekra altmış sekiz ülkeden bin elli üç adaya karşı yarıştı
common_voice_tr_19583282.wav,297260,bu vatandaşlar vizeleri için para ödemiyorlar
common_voice_tr_19821376.wav,150572,smalios'un en iyi derecesi yetmiş bir virgül seksen yedi oldu
common_voice_tr_19603667.wav,152108,romanya'nın yüzde sıfır virgül beşlik düşüş kaydetmesi bekleniyor
common_voice_tr_19583297.wav,145964,bute maçı onuncu rauntta nakavtla kazandı
common_voice_tr_19603689.wav,109100,yetersiz ve yeterli olduğu noktalar neler
common_voice_tr_19603666.wav,184364,silajdziç ve dodik'i bu tavırlarını değiştirmeleri yönünde ikna etmek için neler yapılabilir
common_voice_tr_19803180.wav,106028,bunlara bile geçici çalışma izni verilecek
common_voice_tr_19803164.wav,142892,sc parayı üç ila dört ay içinde almayı umuyor
common_voice_tr_19803177.wav,88364,lajiç bu görüşteki tek sırp değil
common_voice_tr_19803161.wav,145964,uzmanlar ise ayda beş yüz altmış avro civarında kazanıyor
common_voice_tr_19803179.wav,178988,fakat söz konusu aktarımın kısa dönemde gerçekleşmesi olası bir durum mu acaba
common_voice_tr_19803190.wav,111404,şirket karara itiraz edeceğini bildirdi
common_voice_tr_19803208.wav,106028,ödemelere bir mart iki bin sekizde başlandı
common_voice_tr_19803224.wav,164396,kosova brüksel tarafından belirlenen yüzde yirmi kriterine ulaşabilir mi
common_voice_tr_19803195.wav,100652,medya yayınlarında şiddeti azaltmalıdır
common_voice_tr_19803211.wav,103724,bayrami şimdi hapishanede cezasını çekiyor
common_voice_tr_19803228.wav,82988,uygulanmaları konusunda da sıkıntılar var
common_voice_tr_19803241.wav,73772,operasyon olaysız geçti
common_voice_tr_19803272.wav,102188,vukasin batiniç de bu mültecilerden biri
common_voice_tr_19803287.wav,120620,tasarının şu anki halinde kırk dört madde yer alıyor
common_voice_tr_19803263.wav,97580,ancak bu yıl sürprizler olabilir
common_voice_tr_19803293.wav,78380,görünüşe göre para sorun değil
common_voice_tr_19803270.wav,115244,dik uçurumlar adanın güney kıyısını süslüyor
common_voice_tr_19803235.wav,96044,edita tahiri bunu sınır olarak yorumluyor
common_voice_tr_19803292.wav,108332,stratejik özelleştirme kolay bir girişim değil
common_voice_tr_19803522.wav,106028,nuremberg frankenstadion
common_voice_tr_19807624.wav,142124,fakat türkiye'de siyasi koşullar değişiyor
common_voice_tr_19803434.wav,135980,ardından olimpiyat ateşi yavaş yavaş söndürüldü
common_voice_tr_19807642.wav,122924,bu yüzden hep birlikte çalışmamız gerekiyor
common_voice_tr_19807616.wav,137516,guca çılgınlık yapmak için geldiğiniz bir yer
common_voice_tr_19807646.wav,152108,kendinizi çingene olarak tanıttığınız için hiç eleştiri aldınız mı
common_voice_tr_20078104.wav,122156,reformcular bir aday dahi göstermediler
common_voice_tr_20078105.wav,185900,kitle iletişim araçlarının çoğalması kaliteyi de beraberinde getiriyor mu
common_voice_tr_20141795.wav,99116,bakış açıları çok farklı
common_voice_tr_19048411.wav,109868,resimler mart ayı sonuna kadar sergide kalacak
common_voice_tr_19048447.wav,107564,genişleme coğrafi açıdan da önem taşıyor
common_voice_tr_19048532.wav,133676,kısıtlamalar otuz bir aralık iki bin on bire kadar sürecek
common_voice_tr_19048553.wav,86828,yunanistan'da idam cezası yok
common_voice_tr_19067175.wav,123692,moldovan tilea ciriti elli üç virgül dört metreye attı
common_voice_tr_19048511.wav,59180,çok gerçekçi
common_voice_tr_19048605.wav,85292,şarkı bütün yunan halkını büyülemedi
common_voice_tr_20339717.wav,101420,ayrı bir kapta şekerli suyu kaynatın
common_voice_tr_20339720.wav,97580,bu şekilde hiçbir şey israf olmuyor
common_voice_tr_20339813.wav,119084,ülkeler daha rekabetçi olabilmek için ne yapabilir
common_voice_tr_19172305.wav,107564,yerleşmek için en uygun yerlerse tepelerdi
common_voice_tr_20339812.wav,89900,kimse zahmet edip soruları yanıtlamadı
common_voice_tr_20433481.wav,109868,panasonic sırbistanda üretime başlıyor
common_voice_tr_20339790.wav,101420,yarışmaya toplam on altı şarkıcı katıldı
common_voice_tr_20433507.wav,87596,fakat sadece aileler değil
common_voice_tr_20433523.wav,112940,ancak hiçbir önemli şahıs tutuklanmış değil
common_voice_tr_20433543.wav,99884,ekspedisyon üç hafta sürdü
common_voice_tr_20433573.wav,103724,tören saraybosna'da gerçekleşti
common_voice_tr_20433482.wav,103724,şüphecilerin sayısı hiç de az değil
common_voice_tr_20433547.wav,92204,ceku da benzer bir tonda konuştu
common_voice_tr_20433588.wav,116012,skoriç görevinden iki ay önce uzaklaştırılmıştı
common_voice_tr_20433561.wav,120620,bir analist ayrıntılı bilgi istediğini belirtti
common_voice_tr_20433589.wav,116012,taraflar ortak bir uyarı mesajı yayınladılar
common_voice_tr_21221115.wav,124460,güçlü patlama kentin büyük bölümünden işitildi
common_voice_tr_21340537.wav,180524,tabii bin dokuz yüz doksanlardan bu yana durum değişti
common_voice_tr_21340579.wav,115244,türkiye turnuvada üçüncü oldu
common_voice_tr_21340529.wav,160556,ancak bu kliniklerin çoğunun ruhsatı bulunmuyor
common_voice_tr_21340535.wav,158252,bunu sessizliğin kalitesinden anlıyorsunuz
common_voice_tr_21221486.wav,198188,planın ardından yatan mantık tam olarak nedir ve yunanlıları uzun vadede nasıl etkileyecektir
common_voice_tr_21340622.wav,139820,bunun üzerindeki miktarlar vergiye tabi olacak
common_voice_tr_21340719.wav,99884,şenlikler üç gün sürüyor
common_voice_tr_21340733.wav,142124,peki siz bu ilişkiyi nasıl nitelendiriyorsunuz
common_voice_tr_21340849.wav,129068,yine de bir hukuk misyonuna ihtiyaç var
common_voice_tr_19291545.wav,109868,şimdi tekrar mücadele ediyorlar
common_voice_tr_21346405.wav,135212,sergi otuz bir aralık'a kadar devam edecek
common_voice_tr_21340731.wav,158252,macaristan bu açıdan başarılı bir model sunuyor
common_voice_tr_21340766.wav,165932,bu katı bilişsel uyumsuzluğun arkasında yatan etmenler nedir
common_voice_tr_21340789.wav,141356,sibiu'nun kendine has bir ortaçağ havası var
common_voice_tr_21351525.wav,147500,polis olayı bir suikast girişimi olarak niteledi
common_voice_tr_19291615.wav,125996,hiçbir siyasi durum hakkında yorumumuz yoktur
common_voice_tr_19291596.wav,163628,rijeka yatı yüz yedi bin avroya satın aldı
common_voice_tr_19291658.wav,139820,bazı sırp vatandaşları yeni programı destekliyor
common_voice_tr_19291701.wav,169772,blaga'nın istifası schengen umutlarına inen bir darbe mi
common_voice_tr_19291732.wav,145964,zihniyet değişimi eğitimle başlar
common_voice_tr_19291798.wav,116780,yerel basın daha da ihtiyatlı davrandı
common_voice_tr_19291793.wav,135980,festival yirmi altı kasım'a kadar devam edecek
common_voice_tr_19291608.wav,140588,bağış anlaşması bir ağustos'ta imzalandı
common_voice_tr_19292153.wav,103724,bundan sonra ise viyana'ya dönecek
common_voice_tr_19292146.wav,133676,türkiye reformu desteklemek için yeterli çaba gösteriyor mu
common_voice_tr_19319761.wav,115244,kalogeresis aynı fikirde değil
common_voice_tr_19292179.wav,116012,vergi mevzuatı da bu alanlardan biri
common_voice_tr_19319763.wav,114476,ankete on bin üç yüz elli kişi katıldı
common_voice_tr_19292134.wav,145196,cumhurbaşkanı erken seçim kararını destekliyor
common_voice_tr_19319748.wav,138284,sonuç olarak park için başka bir yer seçildi
common_voice_tr_19319821.wav,106796,avustralya'ya bir iki yenildik
common_voice_tr_19319811.wav,112172,ben savaştan çıkmış bir ülkede büyüdüm
common_voice_tr_17537585.wav,117548,jani ve babası bu düşüncelerinde yalnız değil
common_voice_tr_19357272.wav,157484,yaşamak istiyorum rukavina'nın mektubunun ilk satırıydı
common_voice_tr_19319860.wav,138284,ancak şimdi kasabada yalnızca bir sırp yaşıyor
common_voice_tr_19319862.wav,141356,turnuvaya yirmi bir ülkeden yüz elli sporcu katıldı
common_voice_tr_17845051.wav,145964,brüksel adresli bu mektuplu protesto ne gibi bir etki yarattı
common_voice_tr_19357306.wav,132908,dernek sadece sekiz sandıkta sorun bildirdi
common_voice_tr_17819413.wav,104492,mültecilerin çoğu sırbistan'da yaşıyor
common_voice_tr_17859509.wav,104492,ankete katılan başka balkan ülkesi yok
common_voice_tr_17854705.wav,61484,şu anda bitmiş durumdayım
common_voice_tr_17845068.wav,124460,prag'ın baharı vardı belgrad'ın neden olmasın
common_voice_tr_17854716.wav,99116,azınlık partilerine sekiz sandalye kaldı
common_voice_tr_17851126.wav,96812,fakat başkan suçlamayı reddediyor
common_voice_tr_17357171.wav,134444,şebeke bağlantılarının 'ye yakını kaçak
common_voice_tr_17919719.wav,75308,tüm bu yemekler için para gerekiyor
common_voice_tr_17357448.wav,125228,ekim ayında bir ilerleme raporu yayınlanacak
common_voice_tr_21659331.wav,86828,bizim için belirleyici maç
common_voice_tr_17361519.wav,179756,bunlara ek olarak ülkenin ekonomik durumunda bir değişiklik olacağını düşünüyor musunuz
common_voice_tr_17357381.wav,119852,bulgar hükümeti projede q hisseye sahip
common_voice_tr_17360742.wav,86060,burada bir lokantamiz vardı
common_voice_tr_17360634.wav,114476,podstrana turizm kurulu gelişmelerden memnun
common_voice_tr_21659668.wav,124460,ancak ciddi engeller var olmaya devam ediyor
common_voice_tr_21659736.wav,96044,fakat projenin önünde bazı engeller var
common_voice_tr_17532805.wav,117548,bu tamamen kosova yönetimine bağlı
common_voice_tr_21659807.wav,96044,lego bu yıl elli yaşına bastı
common_voice_tr_21731409.wav,118316,ancak hiseni suçlamaktan da geri kalmadı
common_voice_tr_21660137.wav,132908,pahor sonuçtan duyduğu memnuniyeti gizlemedi
common_voice_tr_20753052.wav,106796,kamuoyu ikiye bölünmüş durumda
common_voice_tr_17532864.wav,115244,bu olay daha büyük yankılara yol açacak mı
common_voice_tr_17528071.wav,142124,kosova başkentinswki yolcu sayısı arttı
